Corrected aerodynamic data exported from BAL structure (combined file)
run	time	AoA_deg	AoA_corr_deg	AoS_deg	elevator_deflection_deg	rpmM1	rpmM2	rpmAvg	J_M1	J_M2	J_avg	V_mps	V_corr_mps	q_Pa	q_corr_Pa	rho_kgpm3	Re	Re_corr	CL	CL_corr	CD	CD0	CDinduced	CDS	CD_corr	CMpitch	CMpitch_corr	CMpitch25c	CMpitch25c_corr	CLalpha_2pi_1pdeg	epsilon_total
1	08:49:45	12	12.75536085	0	-10	6180	6180.6	6180.3	1.90959587	1.90941049	1.90950318	39.96707772	39.91917049	972.556266	970.2261208	1.217698979	447181.2938	446645.2722	1.18294709	1.185788117	0.09805826061	0.0668117913	0.06199438394	-0.03074791462	0.1136355654	-0.292166034	-0.3907281206	-0.292166034	-0.3907281206	0.1096622711	-0.00119866723
2	08:51:00	8.004	8.635313649	0	-10	6180	6180	6180	1.9136172	1.9136172	1.9136172	40.05124254	39.83344005	976.3820608	965.7916171	1.217356556	447888.8978	445453.2351	0.9803055085	0.9910551051	0.04644077916	0.0668117913	0.04257401356	-0.0629450257	0.05766664789	-0.07660849194	-0.1592380782	-0.07660849194	-0.1592380782	0.1096622711	-0.005438095681
3	08:51:40	4	4.380794535	0	-10	6180	6180	6180	1.920340009	1.920340009	1.920340009	40.19194826	39.99286877	983.0895958	973.3748007	1.217152452	449314.7814	447089.2272	0.5918754546	0.5977826845	0.02285890582	0.0668117913	0.01551966591	-0.05947255139	0.02698601063	0.1215338241	0.07341314591	0.1215338241	0.07341314591	0.1096622711	-0.004953218187
4	08:52:06	0	0.09246914955	0	-10	6180	6180	6180	1.917459274	1.917459274	1.917459274	40.13165561	39.97292172	979.9246799	972.188162	1.216882198	448481.0547	446707.1647	0.1440147982	0.1451608449	0.01590283941	0.0668117913	0.0009188316542	-0.05182778354	0.01625930342	0.2739686603	0.2641690636	0.2739686603	0.2641690636	0.1096622711	-0.003955328756
5	08:52:36	-2	-2.059624911	0	-10	6180	6179.4	6179.7	1.915841758	1.91602778	1.915934769	40.09780165	39.95382102	978.0116397	971.000686	1.216558207	447887.434	446279.1884	-0.09292998746	-0.09360097344	0.01818205359	0.0668117913	0.0003825898686	-0.04901232757	0.01840892648	0.3573302143	0.3676349356	0.3573302143	0.3676349356	0.1096622711	-0.003590736216
6	08:54:43	-2	-2.047216737	0	-10	2364	2364	2364	4.996364211	4.996364211	4.996364211	40.00129159	40.21874252	972.8632653	983.4691743	1.216000552	446449.1974	448876.1389	-0.07493031159	-0.07412224959	0.08651912942	0.0668117913	0.0002487349343	0.01945860319	0.08564603741	0.3195910045	0.3222616187	0.3195910045	0.3222616187	0.1096622711	0.005436097815
7	08:55:05	-0.004	0.09163872368	0	-10	2364	2364	2364	4.995131128	4.995131128	4.995131128	39.99141942	40.19264617	972.2728835	982.0819644	1.215862689	446252.5791	448498.0097	0.1516512372	0.1501365375	0.08424613783	0.0668117913	0.001018857915	0.01641548861	0.08365062674	0.248029506	0.2331617475	0.248029506	0.2331617475	0.1096622711	0.005031748065
8	08:55:28	4	4.371636262	0	-10	2364	2364	2364	4.985041496	4.985041496	4.985041496	39.91064102	40.06995334	968.2584407	976.0039124	1.215748887	445273.7632	447051.1738	0.5880726392	0.5834057521	0.09079504704	0.0668117913	0.01532087805	0.008662377698	0.09378817912	0.1146587115	0.06560163682	0.1146587115	0.06560163682	0.1096622711	0.003991725425
9	08:56:06	8	8.603019187	0	-10	2364	2364	2364	4.993824898	4.993824898	4.993824898	39.98096164	40.14155758	971.6352777	979.4567043	1.21570107	446016.8996	447808.4649	0.9542578105	0.946637609	0.1159058117	0.0668117913	0.04034160332	0.008752417121	0.1247577915	-0.05747551821	-0.1351404051	-0.05747551821	-0.1351404051	0.1096622711	0.004016810468
10	08:56:42	12	12.71358899	0	-10	2364	2364	2364	4.995861488	4.995861488	4.995861488	39.99726674	40.35775051	972.4854203	990.0938725	1.215772921	446249.0476	450270.9609	1.140496707	1.120213397	0.1709780792	0.0668117913	0.05762484627	0.04654144163	0.1816291981	-0.2558522907	-0.3437507251	-0.2558522907	-0.3437507251	0.1096622711	0.009012710081
11	08:58:11	-1.996	-2.044792673	0	-10	3306	3306	3306	3.571244143	3.571244143	3.571244143	39.98479222	40.18742294	971.6825075	981.5558426	1.215527232	445960.0518	448220.0412	-0.07737450147	-0.07659620201	0.08378196372	0.0668117913	0.0002652268185	0.0167049456	0.08300322673	0.3227461374	0.3258209894	0.3227461374	0.3258209894	0.1096622711	0.005067694832
12	08:58:32	-0.004	0.09106514457	0	-10	3306	3306	3306	3.57200473	3.57200473	3.57200473	39.993308	40.17893799	971.8714272	980.9142984	1.215245871	445868.2852	447937.7945	0.1506246976	0.1492361158	0.08129068817	0.0668117913	0.001005111135	0.01347378574	0.08078428617	0.2492498686	0.2346359608	0.2492498686	0.2346359608	0.1096622711	0.004641526245
13	08:59:01	4	4.3727915	0	-10	3306	3306	3306	3.571834667	3.571834667	3.571834667	39.99140392	40.13542106	971.6352777	978.645989	1.215066281	445733.4858	447338.6622	0.589441855	0.5852192794	0.08781089688	0.0668117913	0.01539230463	0.005606800947	0.09091864393	0.1116410414	0.06254445953	0.1116410414	0.06254445953	0.1096622711	0.003601202362
14	08:59:32	8	8.606321252	0	-10	3306	3306	3306	3.568682344	3.568682344	3.568682344	39.9561095	40.10008186	969.9114141	976.9136983	1.215054272	445335.7019	446940.3634	0.9586929727	0.9518212903	0.1132025711	0.0668117913	0.04071747103	0.005673308796	0.1222760795	-0.06208838225	-0.1401950012	-0.06208838225	-0.1401950012	0.1096622711	0.00360326275
15	09:00:09	12	12.71873989	0	-10	3305.4	3306	3305.7	3.574816844	3.574168057	3.57449245	40.0175293	40.34536799	972.9577269	988.9647002	1.215131905	446084.5483	449739.0412	1.146862074	1.128299439	0.1653999569	0.0668117913	0.05826987553	0.04031829013	0.1766131403	-0.2605468265	-0.3494457186	-0.2605468265	-0.3494457186	0.1096622711	0.00819237706
16	09:00:54	12	12.73342543	0	-10	4721.4	4722.6	4722	2.502264546	2.501628727	2.501946637	40.01072966	40.21003641	972.6271119	982.3412044	1.215131905	446008.7512	448230.4691	1.162852353	1.151353237	0.142741344	0.0668117913	0.05990607424	0.01602347851	0.1557935149	-0.271819538	-0.3641501649	-0.271819538	-0.3641501649	0.1096622711	0.0049813325
17	09:01:27	8.004	8.620223402	0	-10	4722.6	4723.2	4722.9	2.502297181	2.501979308	2.502138244	40.02142081	40.06814924	973.1230351	975.3967704	1.215102022	446105.0258	446625.8916	0.9696262659	0.9673659821	0.095607183	0.0668117913	0.04165148127	-0.01285608957	0.1055947396	-0.07148323744	-0.1511511255	-0.07148323744	-0.1511511255	0.1096622711	0.001167585506
18	09:02:23	8.004	8.650972893	0	-10	7379.4	7379.4	7379.4	1.599332738	1.599332738	1.599332738	39.96983287	39.47595648	970.5490017	946.7125313	1.215018242	445475.4473	439971.0509	0.9906936236	1.015637457	-0.004830535525	0.0668117913	0.04348109211	-0.1151234189	0.00630268845	-0.07998697939	-0.1658191607	-0.07998697939	-0.1658191607	0.1096622711	-0.01235622844
19	09:03:36	4	4.375157162	0	-10	4721.4	4722	4721.7	2.502050323	2.5017324	2.501891362	40.00730427	40.07668415	972.2020381	975.5769091	1.214808843	445756.6333	446529.6557	0.5909773705	0.5889329675	0.07374374458	0.0668117913	0.01547260401	-0.008540650731	0.07727301156	0.1106509257	0.06166484151	0.1106509257	0.06166484151	0.1096622711	0.0017341803
20	09:04:09	0	0.09413642451	0	-10	4721.4	4721.4	4721.4	2.509562839	2.509562839	2.509562839	40.12742797	40.23412625	977.8227008	983.0296486	1.21452781	446907.9743	448096.2965	0.1485651083	0.1477781832	0.06608330476	0.0668117913	0.0009778119852	-0.001706298527	0.06597154966	0.2549220065	0.2413759277	0.2549220065	0.2413759277	0.1096622711	0.002658986346
21	09:04:39	-2	-2.053883243	0	-10	4722	4723.2	4722.6	2.501410345	2.500774824	2.501092584	40.00215401	40.11727785	971.564433	977.1646905	1.214324754	445366.8694	446648.6091	-0.08507510812	-0.08458753165	0.06726722194	0.0668117913	0.0003206466652	0.0001347839745	0.0669597731	0.3336548855	0.3387234833	0.3336548855	0.3387234833	0.1096622711	0.002877941122
22	09:06:45	11.995	12.77561382	0	-10	3108	3108	3108	1.900959847	1.900959847	1.900959847	20.00904712	19.88302268	243.4369393	240.380083	1.216084241	223357.6492	221950.8594	1.210043167	1.225430998	0.1186244132	0.0668117913	0.06486694363	-0.01305432174	0.136517686	-0.2797268646	-0.3844161271	-0.2797268646	-0.3844161271	0.1096622711	-0.006298373097
23	09:07:25	8.004	8.629513886	0	-10	3108	3108	3108	1.902459814	1.902459814	1.902459814	20.02483541	19.81843565	243.8801687	238.8786401	1.216378042	223629.8064	221324.8117	0.9618124853	0.9819504627	0.06452801772	0.0668117913	0.04098288514	-0.04326665871	0.07639969589	-0.05710534921	-0.1393391401	-0.05710534921	-0.1393391401	0.1096622711	-0.01030718897
24	09:08:20	4	4.381008262	0	-10	3108	3108	3108	1.904311914	1.904311914	1.904311914	20.04433017	19.84644376	244.416714	239.6145583	1.216684012	223945.8056	221734.9145	0.5863667254	0.5981181996	0.04192210765	0.0668117913	0.01523211967	-0.04012180332	0.04666561444	0.1263220173	0.07949231878	0.1263220173	0.07949231878	0.1096622711	-0.009872438053
25	09:09:15	0	0.08695126138	0	-10	3108	3108	3108	1.900880861	1.900880861	1.900880861	20.00821573	19.82433937	243.5535783	239.0976124	1.216768022	223569.7293	221515.114	0.134001369	0.1364986986	0.03280856416	0.0668117913	0.0007954999907	-0.03479872713	0.03362329566	0.2756646784	0.2695372017	0.2756646784	0.2695372017	0.1096622711	-0.00919004286
26	09:09:48	-2	-2.062203083	0	-10	3108	3108	3108	1.90221305	1.90221305	1.90221305	20.02223804	19.84348221	243.9034966	239.5678628	1.216810032	223740.1315	221742.6099	-0.09591246738	-0.09764826505	0.0343110627	0.0668117913	0.0004075414958	-0.0329082701	0.03503605278	0.3556375434	0.3701324646	0.3556375434	0.3701324646	0.1096622711	-0.00892786422
27	09:10:19	-2	-2.04962657	0	-10	1656	1656	1656	3.565557003	3.565557003	3.565557003	19.99678465	19.97097362	243.2969728	242.6693026	1.216876101	223473.8205	223185.3697	-0.07770429391	-0.07790527798	0.09169547509	0.0668117913	0.0002674925833	0.02461619121	0.09199886873	0.3226226264	0.3298864438	0.3226226264	0.3298864438	0.1096622711	-0.001290758951
28	09:10:37	-0.004	0.08760297299	0	-10	1656	1656	1656	3.564882127	3.564882127	3.564882127	19.99299973	19.95699697	243.203662	242.3285438	1.216870003	223436.3889	223034.0318	0.1432836564	0.143801095	0.08852499269	0.0668117913	0.0009095257925	0.0208036756	0.08907030663	0.2543276477	0.2433785197	0.2543276477	0.2433785197	0.1096622711	-0.001800768235
29	09:11:10	4	4.374440025	0	-10	1656	1656	1656	3.563912809	3.563912809	3.563912809	19.98756348	19.93716562	243.0870237	241.8627003	1.216948107	223395.9578	222832.6736	0.5848466549	0.5878071835	0.09737795687	0.0668117913	0.01515324792	0.01541291766	0.1016408086	0.1209903004	0.07309236604	0.1209903004	0.07309236604	0.1096622711	-0.002521460951
30	09:11:48	8	8.604767659	0	-10	1656	1656	1656	3.560929766	3.560929766	3.560929766	19.97083363	19.92053878	242.7137827	241.4928141	1.217116212	223263.7352	222701.4645	0.9446065572	0.9493824135	0.1218619716	0.0668117913	0.03952970927	0.01552047103	0.1323124216	-0.04877972685	-0.1273767319	-0.04877972685	-0.1273767319	0.1096622711	-0.00251841492
31	09:12:40	12	12.7456161	0	-10	1656	1656	1656	3.569035529	3.569035529	3.569035529	20.01629334	20.06298445	243.8801687	245.0192724	1.217416457	223875.1535	224397.377	1.175957589	1.170490518	0.179798693	0.0668117913	0.06126395451	0.05172294715	0.1939113158	-0.2578388905	-0.3532381172	-0.2578388905	-0.3532381172	0.1096622711	0.002332655244
32	09:14:08	8.001	8.616954028	0	-10	4723.2	4722	4722.6	2.498855918	2.499490952	2.499173435	39.97145938	40.01780322	971.4699735	973.7239695	1.216072221	446190.3107	446707.6342	0.9691866045	0.9669431117	0.09555646509	0.0668117913	0.04161371745	-0.01286904365	0.1055367697	-0.07211640968	-0.1517490964	-0.07211640968	-0.1517490964	0.1096622711	0.001159423399
33	09:21:03	-2	-1.929732258	0	10	2364	2364	2364	4.991750281	4.991750281	4.991750281	39.96435209	37.76015077	971.5172032	867.3060618	1.216563936	446434.7909	421812.0433	0.0984760246	0.1103084092	0.08158614713	0.6333239763	0.0004296182526	-0.5521674474	0.09152189264	-0.2172087371	-0.2524109513	-0.2172087371	-0.2524109513	0.1096622711	-0.05515418624
34	09:21:27	-0.004	0.2265332854	0	10	2364	2364	2364	4.992992335	4.992992335	4.992992335	39.97429607	37.75883246	971.5408181	866.8351551	1.215988304	446167.2955	421439.7204	0.3228953033	0.3618980671	0.08374823533	0.6333239763	0.004618970242	-0.5541947112	0.09529325521	-0.283779177	-0.3479237019	-0.283779177	-0.3479237019	0.1096622711	-0.05542220455
35	09:21:55	4	4.538271481	0	10	2364	2364	2364	4.99376675	4.99376675	4.99376675	39.9804961	37.73697332	971.564433	865.584318	1.215640739	446013.4408	420985.2041	0.7528210706	0.8449947179	0.09899458129	0.6333239763	0.02510760225	-0.5594369973	0.1189058331	-0.4104718258	-0.5304645327	-0.4104718258	-0.5304645327	0.1096622711	-0.05611543146
36	09:22:30	8	8.790718878	0	10	2364	2364	2364	4.99534601	4.99534601	4.99534601	39.99313978	37.76828309	972.1311927	866.978568	1.215580913	446108.659	421291.2068	1.107027004	1.241294216	0.1318247061	0.6333239763	0.0542922872	-0.5557915573	0.164624939	-0.5632303552	-0.7339836803	-0.5632303552	-0.7339836803	0.1096622711	-0.05563095835
37	09:23:25	12	12.91739745	0	10	2364	2364	2364	4.996779444	4.996779444	4.996779444	40.00461597	38.0037524	972.6507272	877.7880505	1.21553285	446219.0279	423901.0185	1.299699343	1.440158032	0.1948106075	0.6333239763	0.07483547286	-0.5133488417	0.2384937107	-0.7920502444	-0.9965002025	-0.7920502444	-0.9965002025	0.1096622711	-0.05001581732
38	09:24:26	-1.996	-1.927723983	0	10	3306	3306	3306	3.572988655	3.572988655	3.572988655	40.00432433	37.78305594	972.2964987	867.3192888	1.215107883	445928.5337	421168.0366	0.0956095082	0.1071817395	0.07872805006	0.6333239763	0.0004049709554	-0.5550008972	0.0883823544	-0.2112431131	-0.2456566864	-0.2112431131	-0.2456566864	0.1096622711	-0.05552570711
39	09:24:56	-0.004	0.2247360989	0	10	3306	3306	3306	3.570580809	3.570580809	3.570580809	39.97736533	37.74565756	970.7379179	865.3815807	1.214796835	445418.6544	420553.4773	0.3201053903	0.3590767899	0.08065370404	0.6333239763	0.00453949647	-0.5572097687	0.09187974645	-0.2780041872	-0.3414837472	-0.2780041872	-0.3414837472	0.1096622711	-0.0558242832
40	09:25:27	4	4.53881953	0	10	3306	3306	3306	3.577464945	3.577464945	3.577464945	40.05444231	37.79167288	974.3982851	867.4158743	1.214689082	446213.9847	421006.3097	0.7529858366	0.8458550617	0.09606730421	0.6333239763	0.0251185938	-0.5623752659	0.1157221887	-0.40862225	-0.5288260226	-0.40862225	-0.5288260226	0.1096622711	-0.05649234649
41	09:26:05	8	8.793997766	0	10	3306	3306	3306	3.574244766	3.574244766	3.574244766	40.01838816	37.77519938	972.7215731	866.7281333	1.214784827	445871.314	420878.4651	1.110621944	1.246441512	0.1289611796	0.6333239763	0.05464547543	-0.5590082721	0.1616834468	-0.5647510993	-0.7366813227	-0.5647510993	-0.7366813227	0.1096622711	-0.05605395125
42	09:26:46	12	12.92581796	0	10	3306	3306	3306	3.569476831	3.569476831	3.569476831	39.96500483	37.93298472	970.1711712	874.0225906	1.214838708	445308.1908	422666.502	1.309340255	1.453376815	0.189732037	0.6333239763	0.07594981996	-0.5195417593	0.2336511107	-0.806281618	-1.014922113	-0.806281618	-1.014922113	0.1096622711	-0.05084498606
43	09:27:49	-1.996	-1.930470286	0	10	4722	4722	4722	2.503393345	2.503393345	2.503393345	40.03386584	37.72580968	973.3591905	864.3611008	1.214641375	445943.4006	420233.6074	0.09135093108	0.1028705112	0.06257819555	0.6333239763	0.0003696984796	-0.5711154792	0.07058492533	-0.209361116	-0.2442517447	-0.209361116	-0.2442517447	0.1096622711	-0.05765259265
44	09:28:10	-0.004	0.2250147975	0	10	4722	4722	4722	2.502432068	2.502432068	2.502432068	40.01849324	37.70137273	972.343729	863.0037423	1.214306579	445554.0199	419755.8883	0.3190869406	0.3595142993	0.06487086742	0.6333239763	0.004510656631	-0.5729637655	0.07450005677	-0.2799256552	-0.3450612967	-0.2799256552	-0.3450612967	0.1096622711	-0.05790124324
45	09:28:43	4	4.544311713	0	10	4721.4	4721.4	4721.4	2.501729237	2.501729237	2.501729237	40.00217017	37.65760139	971.5172032	860.971345	1.214264742	445345.0393	419242.9035	0.7572486471	0.8544768558	0.08042327848	0.6333239763	0.02540380207	-0.5783044999	0.09871577311	-0.4147170886	-0.538483422	-0.4147170886	-0.538483422	0.1096622711	-0.05861103961
46	09:29:08	8	8.806714634	0	10	4720.8	4720.8	4720.8	2.498401312	2.498401312	2.498401312	39.94388054	37.60114372	968.7071004	858.4086495	1.214288747	444704.8907	418622.6347	1.122210069	1.266404833	0.1105995606	0.6333239763	0.05579175597	-0.5785161717	0.1423094567	-0.5777931816	-0.7565483733	-0.5777931816	-0.7565483733	0.1096622711	-0.05865070648
47	09:29:46	12	12.94818858	0	10	4721.4	4722	4721.7	2.502055614	2.501737691	2.501896652	40.00738887	37.84373238	971.8950422	869.6147088	1.214420102	445507.7441	421414.0517	1.331848592	1.488494882	0.1678396791	0.6333239763	0.0785835094	-0.5440678066	0.2117547254	-0.8432182034	-1.065236002	-0.8432182034	-1.065236002	0.1096622711	-0.05408142219
48	09:31:18	-1.996	-1.925089963	0	10	6180	6179.4	6179.7	1.912941172	1.913126913	1.913034042	40.03709356	37.4622865	973.0994196	851.9629125	1.214121426	445633.6055	416974.6682	0.09745941737	0.111316703	0.01230039596	0.6333239763	0.0004207937975	-0.6214443741	0.014184532	-0.2331685896	-0.2755084246	-0.2331685896	-0.2755084246	0.1096622711	-0.06431053877
49	09:31:40	-0.004	0.2353414934	0	10	6180	6180.6	6180.3	1.911681162	1.91149558	1.911588371	40.01072205	37.4246209	971.564433	850.0288176	1.21380473	445140.6724	416368.9145	0.3287249456	0.3757254563	0.0142607331	0.6333239763	0.004787260193	-0.6238505034	0.01784000087	-0.3089854449	-0.3841714071	-0.3089854449	-0.3841714071	0.1096622711	-0.06463520332
50	09:32:08	4	4.563674203	0	10	6180	6180.6	6180.3	1.911728339	1.911542752	1.911635545	40.01170943	37.39628148	971.5408181	848.6794362	1.213715323	445083.208	415989.6482	0.7729713742	0.884872673	0.03041491278	0.6333239763	0.02646967017	-0.6293787337	0.04336127324	-0.4515849388	-0.589986394	-0.4515849388	-0.589986394	0.1096622711	-0.06536656366
51	09:32:43	8	8.83335743	0	10	6180	6180	6180	1.91051368	1.91051368	1.91051368	39.98628711	37.3771169	970.4545439	847.9390487	1.213900341	444927.629	415895.3782	1.14307144	1.308229494	0.06273376855	0.6333239763	0.0578853223	-0.62847553	0.09047162011	-0.618121811	-0.8153971004	-0.618121811	-0.8153971004	0.1096622711	-0.06525162494
52	09:33:33	12	12.98620851	0	10	6180.6	6180.6	6180.6	1.911386896	1.911386896	1.911386896	40.00844712	37.60474193	971.6116628	858.3700467	1.214001783	445247.0836	418496.6646	1.367738923	1.548179709	0.1267865868	0.6333239763	0.08287587383	-0.5894132633	0.1696650796	-0.9040069475	-1.151037035	-0.9040069475	-1.151037035	0.1096622711	-0.06007994213
53	09:35:22	-1.996	-1.92019577	0	10	3108	3108	3108	1.9012881	1.9012881	1.9012881	20.01250223	18.60766956	243.3902837	210.4187423	1.215431383	223174.7325	207508.3679	0.1028791223	0.118999755	0.02777783489	0.6333239763	0.0004688956558	-0.606015037	0.03228498885	-0.2591611138	-0.3095911157	-0.2591611138	-0.3095911157	0.1096622711	-0.07019775231
54	09:35:44	-0.004	0.2369598135	0	10	3108	3108	3108	1.89966842	1.89966842	1.89966842	19.99545387	18.58579133	242.9937132	209.9397222	1.215521095	223018.9704	207296.3221	0.3268111182	0.3782659437	0.02987649375	0.6333239763	0.004731679869	-0.6081791624	0.03614159615	-0.3229277096	-0.4049885422	-0.3229277096	-0.4049885422	0.1096622711	-0.07049915213
55	09:36:30	4	4.566517289	0	10	3108	3108	3108	1.904617769	1.904617769	1.904617769	20.04754952	18.62864587	244.3000733	210.9422533	1.215712838	223659.2271	207829.3176	0.76790196	0.8893358353	0.04887010242	0.6333239763	0.02612361414	-0.610577488	0.06522794641	-0.4479327043	-0.5921624041	-0.4479327043	-0.5921624041	0.1096622711	-0.07077691223
56	09:37:07	8	8.838952542	0	10	3108	3108	3108	1.898354018	1.898354018	1.898354018	19.98161879	18.5681279	242.7604377	209.6296994	1.216036384	223030.752	207253.6551	1.137273495	1.317012867	0.08069829084	0.6333239763	0.05729959388	-0.6099252793	0.1123774572	-0.6379865143	-0.8475066088	-0.6379865143	-0.8475066088	0.1096622711	-0.07073955811
57	09:37:57	12	13.01446317	0	10	3106.8	3107.4	3107.1	1.899662579	1.899295778	1.899479178	19.98767216	18.6731409	242.947058	212.0420322	1.216234182	223164.4778	208487.597	1.389950136	1.59253471	0.1462325533	0.6333239763	0.08558943288	-0.5726808558	0.1952178454	-0.8875144994	-1.148297597	-0.8875144994	-1.148297597	0.1096622711	-0.06576710127
58	09:38:52	-1.979	-1.90430564	0	10	1656	1656	1656	3.568105516	3.568105516	3.568105516	20.01107753	18.76079875	243.5535783	214.0702	1.216420025	223489.8617	209526.3642	0.1030628465	0.1172574466	0.08562745673	0.6333239763	0.0004705718828	-0.5481670914	0.09757074009	-0.2433352615	-0.2865262381	-0.2433352615	-0.2865262381	0.1096622711	-0.06247933318
59	09:39:11	-0.004	0.2289809336	0	10	1656	1656	1656	3.565199408	3.565199408	3.565199408	19.99477915	18.73938587	243.1570066	213.5818153	1.216420025	223307.8364	209287.2186	0.3212554398	0.3657404587	0.08752355633	0.6333239763	0.004572173359	-0.5503725933	0.101102669	-0.2966151674	-0.3678719192	-0.2966151674	-0.3678719192	0.1096622711	-0.06278605369
60	09:39:38	4	4.545953781	0	10	1656	1656	1656	3.572698623	3.572698623	3.572698623	20.03683714	18.77263258	244.1834328	214.3424638	1.216432049	223779.765	209660.6005	0.7523163939	0.8570546233	0.1054694578	0.6333239763	0.02507395024	-0.5529284688	0.1281675709	-0.4135912804	-0.5419026413	-0.4135912804	-0.5419026413	0.1096622711	-0.06309401802
61	09:40:06	8	8.800899647	0	10	1656	1656	1656	3.577306369	3.577306369	3.577306369	20.06267886	18.80606923	244.8366224	215.1268399	1.216545992	224107.37	210070.5866	1.104711677	1.257276292	0.1377544504	0.6333239763	0.05406542201	-0.5496349479	0.1740262316	-0.5843243854	-0.7687818258	-0.5843243854	-0.7687818258	0.1096622711	-0.06263418935
62	09:40:56	12	12.95922034	0	10	1656	1656	1656	3.569600925	3.569600925	3.569600925	20.01946426	18.8723155	243.8335128	216.6900002	1.216798004	223706.9244	210888.1438	1.338185992	1.50581287	0.2032639886	0.6333239763	0.07933314415	-0.5093931319	0.2534659596	-0.7941304845	-1.017877975	-0.7941304845	-1.017877975	0.1096622711	-0.05730167094
63	09:41:57	8.004	8.81123872	0	10	4722.6	4723.2	4722.9	2.501903501	2.501585678	2.50174459	40.01512436	37.67310893	973.4064217	862.7973208	1.215838415	446532.0825	420397.3387	1.123231282	1.267227559	0.1114796216	0.6333239763	0.05589334331	-0.577737698	0.1432926192	-0.579633797	-0.7585232496	-0.579633797	-0.7585232496	0.1096622711	-0.05852825563
64	09:48:21	7.996	8.685980793	0	0	7378.8	7380.6	7379.7	1.600979033	1.600588582	1.600783807	40.00772317	39.85202555	972.7924192	965.2355408	1.215521095	446225.4915	444488.9206	1.074738366	1.083152548	0.001120655236	-0.01534659983	0.05117138995	-0.03470413488	0.01393035718	-0.3680534481	-0.4603250819	-0.3680534481	-0.4603250819	0.1096622711	-0.003891689215
65	09:49:24	-1.996	-1.987801352	0	0	2364	2364	2364	4.998863358	4.998863358	4.998863358	40.02129995	40.56252992	973.1938816	999.6939337	1.215197825	446162.7152	452196.418	0.01322094685	0.0128704838	0.08175851458	-0.01534659983	7.743669812e-06	0.09709737074	0.07959305375	0.04465491965	0.04240902781	0.04465491965	0.04240902781	0.1096622711	0.01352354793
66	09:49:42	-0.004	0.1438144063	0	0	2364	2364	2364	4.995364831	4.995364831	4.995364831	39.99329047	40.52017696	971.5880479	997.3568057	1.214892594	445655.0434	451526.2688	0.2381978182	0.2320434893	0.08166809152	-0.01534659983	0.00251360636	0.09450108499	0.08014551963	-0.02100827738	-0.03961550866	-0.02100827738	-0.03961550866	0.1096622711	0.01317437214
67	09:50:06	4	4.414239537	0	0	2364	2364	2364	4.990098916	4.990098916	4.990098916	39.95113113	40.44275467	969.3210613	993.3240424	1.214617363	445013.0082	450489.1704	0.666388463	0.6502856515	0.09231807	-0.01534659983	0.0196732743	0.08799139553	0.09470119363	-0.1359524528	-0.1863338577	-0.1359524528	-0.1863338577	0.1096622711	0.01230562269
68	09:50:29	8	8.640314855	0	0	2364	2364	2364	4.987764484	4.987764484	4.987764484	39.93244148	40.43138978	968.4001223	992.7512618	1.214599515	444786.4003	450343.9222	1.030461603	1.005185469	0.1211458742	-0.01534659983	0.04704195214	0.08945052188	0.1291986851	-0.3039314783	-0.3794320386	-0.3039314783	-0.3794320386	0.1096622711	0.01249481077
69	09:51:15	12	12.7490242	0	0	2364	2364	2364	4.999522146	4.999522146	4.999522146	40.02657426	40.73853877	973.0285732	1007.951522	1.214671231	445885.0568	453816.1462	1.21804274	1.175840667	0.1797524219	-0.01534659983	0.06572744695	0.1293715748	0.1886099402	-0.5117264803	-0.5910359283	-0.5117264803	-0.5910359283	0.1096622711	0.0177872958
70	09:52:27	-1.996	-1.992376638	0	0	4722	4722	4722	2.505137631	2.505137631	2.505137631	40.06176017	40.50234128	974.3274371	995.8757026	1.214157074	445945.0778	450849.38	0.005813859419	0.005688062007	0.06259821972	-0.01534659983	1.497444588e-06	0.07794332211	0.06124410344	0.05503993523	0.05337958549	0.05503993523	0.05337958549	0.1096622711	0.01099754745
71	09:52:51	-0.004	0.1420147072	0	0	4722	4722	4722	2.50239449	2.50239449	2.50239449	40.01789231	40.44536372	972.0131173	992.8901316	1.213930153	445302.1297	450058.8503	0.234141445	0.2292182676	0.06270461442	-0.01534659983	0.00242872474	0.07562248951	0.06195942713	-0.01507393997	-0.03367385168	-0.01507393997	-0.03367385168	0.1096622711	0.0106820073
72	09:53:22	4	4.418994849	0	0	4722	4722	4722	2.501580917	2.501580917	2.501580917	40.00488176	40.39683854	971.3046699	990.43106	1.213834537	445098.513	449459.4652	0.6707027435	0.6577506837	0.07353199514	-0.01534659983	0.01992883327	0.0689497617	0.07683247124	-0.1390514624	-0.1906488879	-0.1390514624	-0.1906488879	0.1096622711	0.009797723593
73	09:53:46	8	8.651994497	0	0	4721.4	4721.4	4721.4	2.500085452	2.500085452	2.500085452	39.97588636	40.35837941	969.9114141	988.5606157	1.213852346	444794.3129	449050.1469	1.043200504	1.023520521	0.1001181915	-0.01534659983	0.04821223718	0.06725255418	0.1096597005	-0.3138140572	-0.3923627818	-0.3138140572	-0.3923627818	0.1096622711	0.009568094248
74	09:54:32	12	12.77089341	0	0	4720.2	4725.6	4722.9	2.499512488	2.496656265	2.498084377	39.95656676	40.50760422	969.1793774	996.0954379	1.214109425	444732.9046	450866.1765	1.2437805	1.2101716	0.1524208507	-0.01534659983	0.06853449156	0.09923295896	0.1642814406	-0.5410805547	-0.6263324288	-0.5410805547	-0.6263324288	0.1096622711	0.01379091097
75	09:56:18	11.996	12.77759045	0	0	1656	1656	1656	3.567934666	3.567934666	3.567934666	20.01011935	20.23270463	243.3203005	248.7636207	1.215371315	223137.1309	225619.2271	1.25441256	1.226964137	0.188723112	-0.01534659983	0.06971118992	0.1343585219	0.201019346	-0.5068222207	-0.5969907613	-0.5068222207	-0.5969907613	0.1096622711	0.01112363594
76	09:56:45	8.004	8.647785837	0	0	1656	1656	1656	3.566802253	3.566802253	3.566802253	20.00376841	20.12534836	243.2269897	246.1925701	1.215676788	223164.1682	224520.5271	1.022956626	1.01063432	0.1274702775	-0.01534659983	0.0463592229	0.09645765446	0.1370790351	-0.2905334576	-0.3704391165	-0.2905334576	-0.3704391165	0.1096622711	0.006077852449
77	09:57:24	4	4.416386774	0	0	1656	1656	1656	3.570303016	3.570303016	3.570303016	20.02340181	20.14470192	243.763529	246.7258733	1.215970389	223479.0141	224832.8315	0.66160003	0.6536564486	0.1002324272	-0.01534659983	0.01939155966	0.0961874674	0.1036908568	-0.1256319458	-0.1780683156	-0.1256319458	-0.1780683156	0.1096622711	0.006057917175
78	09:57:48	0	0.1446216186	0	0	1656	1656	1656	3.572185248	3.572185248	3.572185248	20.03395797	20.16551864	244.0434645	247.2591986	1.216084241	223635.7249	225104.3146	0.2300229228	0.2270313554	0.08694895986	-0.01534659983	0.002344034196	0.0999515255	0.08638052877	-0.01825339967	-0.03675238789	-0.01825339967	-0.03675238789	0.1096622711	0.006566883452
79	09:58:18	-2	-1.993930673	0	0	1656	1656	1656	3.575939393	3.575939393	3.575939393	20.05501242	20.18876051	244.5566831	247.8294866	1.216084241	223870.7521	225363.7597	0.009655318661	0.009527811795	0.08526282441	-0.01534659983	4.130046405e-06	0.1006052942	0.08413784527	0.04825995325	0.04683632995	0.04825995325	0.04683632995	0.1096622711	0.006669060319
80	09:59:12	-2	-1.996357355	0	0	3108	3108	3108	1.904772043	1.904772043	1.904772043	20.04917338	20.0294799	244.416714	243.9367888	1.216096262	223807.7842	223587.947	0.005707104759	0.005718333009	0.02776950689	-0.01534659983	1.442957026e-06	0.04311466376	0.02782449784	0.05212328394	0.05175391107	0.05212328394	0.05175391107	0.1096622711	-0.0009822589319
81	09:59:30	-0.005	0.1444672943	0	0	3108	3108	3108	1.90348021	1.90348021	1.90348021	20.03557585	20.00817052	244.0901206	243.4228281	1.216120303	223660.4173	223354.4871	0.2339967895	0.2346382425	0.02736879197	-0.01534659983	0.002425724673	0.04028966713	0.02804452077	-0.01848067394	-0.03789549712	-0.01848067394	-0.03789549712	0.1096622711	-0.001367833333
82	09:59:56	4	4.432713619	0	0	3108	3108	3108	1.895896956	1.895896956	1.895896956	19.95575634	19.91313844	242.1539257	241.1207329	1.216144345	222773.7829	222298.0229	0.6763885225	0.6792868205	0.03987828049	-0.01534659983	0.02026815268	0.03495672764	0.04508379928	-0.1434214838	-0.2000960407	-0.1434214838	-0.2000960407	0.1096622711	-0.002135619327
83	10:00:20	8	8.669052443	0	0	3108	3108	3108	1.899587983	1.899587983	1.899587983	19.99460721	19.95203981	243.133679	242.0995449	1.216324244	223264.4173	222789.0998	1.045831301	1.050298595	0.06789351979	-0.01534659983	0.04845571209	0.03478440754	0.0802196839	-0.3201872676	-0.4082337177	-0.3201872676	-0.4082337177	0.1096622711	-0.002128944252
84	10:00:58	12	12.82217984	0	0	3106.8	3106.2	3106.5	1.895927242	1.896293463	1.896110352	19.94837008	19.99575987	242.0606167	243.2120719	1.216576149	222830.0552	223359.4152	1.296822203	1.29068257	0.1280462328	-0.01534659983	0.07450451347	0.06888831915	0.1456161317	-0.5656959527	-0.6695348474	-0.5656959527	-0.6695348474	0.1096622711	0.002375622174
85	10:07:09	-1.996	-1.986445177	0	0	1320	1320	1320	4.463911771	4.463911771	4.463911771	19.95547118	20.09091375	242.3405441	245.6413546	1.217116362	223080.0621	224594.1599	0.01520374779	0.01499944713	0.08665422757	-0.01534659983	1.024054384e-05	0.1019905869	0.08549226448	0.04567783089	0.04382616378	0.04567783089	0.04382616378	0.1096622711	0.006787239591
86	10:07:28	-0.004	0.1427620644	0	0	1320	1320	1320	4.473437049	4.473437049	4.473437049	19.99805299	20.12840548	243.3902837	246.5735868	1.217188396	223581.293	225038.6539	0.2334047831	0.2303914913	0.0867990129	-0.01534659983	0.002413466148	0.09973214658	0.0862575796	-0.01397735708	-0.03281059479	-0.01397735708	-0.03281059479	0.1096622711	0.006518259385
87	10:07:51	4	4.418421445	0	0	1320	1320	1320	4.474316594	4.474316594	4.474316594	20.0019849	20.12123597	243.4835948	246.3955293	1.217176365	223623.0421	224956.2742	0.6647061199	0.6568505362	0.09975623081	-0.01534659983	0.01957406665	0.095528764	0.1032848529	-0.1251099142	-0.1778397348	-0.1251099142	-0.1778397348	0.1096622711	0.005961962005
88	10:08:20	8	8.643166672	0	0	1320	1320	1320	4.474524378	4.474524378	4.474524378	20.00291378	20.12579548	243.5302504	246.5315461	1.217296533	223667.494	225041.5259	1.022105535	1.009662336	0.1278163534	-0.01534659983	0.04628211403	0.09688083918	0.1373831165	-0.2914529755	-0.3712299466	-0.2914529755	-0.3712299466	0.1096622711	0.006143189886
89	10:09:05	12	12.77933599	0	0	1320	1320	1320	4.471136979	4.471136979	4.471136979	19.98777075	20.21688858	243.203662	248.8112572	1.217506774	223566.73	226129.4532	1.251633765	1.223425011	0.1909912226	-0.01534659983	0.06940268124	0.1369351412	0.2030179049	-0.5012049963	-0.5908755586	-0.5012049963	-0.5908755586	0.1096622711	0.01146290043
90	10:10:11	-1.996	-1.988452268	0	0	1620	1620	1620	7.293754452	7.293754452	7.293754452	40.01645442	40.56649878	973.5481154	1000.495778	1.215934563	446582.2379	452720.7138	0.01217662575	0.01184865675	0.08342116859	-0.01534659983	6.568642478e-06	0.09876119978	0.08117580884	0.04933775482	0.0470310337	0.04933775482	0.0470310337	0.1096622711	0.01374545455
91	10:10:32	-0.005	0.1420778608	0	0	1620	1620	1620	7.288391288	7.288391288	7.288391288	39.98702996	40.52292565	971.7769673	997.9985046	1.215509341	445966.5144	451943.2406	0.2371172873	0.2308872381	0.08336090936	-0.01534659983	0.002490853263	0.09621665593	0.08175232487	-0.01701767297	-0.03562514891	-0.01701767297	-0.03562514891	0.1096622711	0.0134017376
92	10:11:02	4	4.413398013	0	0	1620	1620	1620	7.297452099	7.297452099	7.297452099	40.0367412	40.53957381	973.9259671	998.5432061	1.215174086	446302.2643	451907.499	0.665368023	0.6489646029	0.09404322738	-0.01534659983	0.01961306911	0.0897767581	0.09631996328	-0.1337456904	-0.1840060151	-0.1337456904	-0.1840060151	0.1096622711	0.01255927919
93	10:11:25	8	8.638953698	0	0	1620	1620	1620	7.294141785	7.294141785	7.294141785	40.01857949	40.52894222	973.0521887	998.0293992	1.215186097	446104.2192	451793.4508	1.028795871	1.003048683	0.122813138	-0.01534659983	0.04688998927	0.09126974855	0.1307171221	-0.3038089988	-0.3789850486	-0.3038089988	-0.3789850486	0.1096622711	0.01275314469
94	10:12:21	12	12.74443114	0	0	1620	1620	1620	7.285289075	7.285289075	7.285289075	39.97000998	40.69587145	970.6198452	1006.193155	1.215096161	445517.9036	453608.5765	1.211460745	1.168630332	0.1819365255	-0.01534659983	0.06501901721	0.1322641082	0.190405315	-0.5039443448	-0.5825721299	-0.5039443448	-0.5825721299	0.1096622711	0.01816015216
