  Run_nr	   Alpha	    Beta	      CL	      CD	    Cyaw	 Cm_p_qc	      Ct	      Cn	   Cside	 Cm_roll	Cm_pitch	  Cm_yaw	       V	      Re	       M
       /	 degrees	 degrees	       /	       /	       /	       /	       /	       /	       /	       /	       /	       /	     m/s	       /	       /
      33	  -2.000	   0.000	  0.0862	0.066609	 0.00336	-0.16816	0.069578	  0.0838	0.003360	-0.00051	-0.18737	 0.00146	   40.17	3.487E+5	   0.118	        	        	        	        	        	        	        	        	        	        	        	        	        	        	        	        	        
      34	  -0.004	   0.000	  0.2915	0.069279	 0.00425	-0.17533	0.069299	  0.2915	0.004248	-0.00098	-0.24638	 0.00087	   40.18	3.485E+5	   0.118	        	        	        	        	        	        	        	        	        	        	        	        	        	        	        	        	        
      35	   4.000	   0.000	  0.6879	0.084606	 0.00654	-0.18255	0.036416	  0.6921	0.006545	-0.00190	-0.35367	-0.00010	   40.19	3.484E+5	   0.118	        	        	        	        	        	        	        	        	        	        	        	        	        	        	        	        	        
      36	   8.000	   0.000	  1.0171	0.115714	-0.00088	-0.22443	-0.026972	  1.0233	-0.000876	-0.00344	-0.47793	-0.00105	   40.20	3.484E+5	   0.118	        	        	        	        	        	        	        	        	        	        	        	        	        	        	        	        	        
      37	  12.000	   0.000	  1.2012	0.175365	 0.00084	-0.36738	-0.078202	  1.2114	0.000838	-0.00315	-0.66639	-0.00196	   40.21	3.485E+5	   0.118	        	        	        	        	        	        	        	        	        	        	        	        	        	        	        	        	        
      38	  -1.996	   0.000	  0.0835	0.063954	 0.00333	-0.16441	0.066825	  0.0813	0.003329	-0.00060	-0.18302	 0.00143	   40.21	3.483E+5	   0.118	        	        	        	        	        	        	        	        	        	        	        	        	        	        	        	        	        
      39	  -0.004	   0.000	  0.2889	0.066402	 0.00391	-0.17185	0.066422	  0.2889	0.003908	-0.00119	-0.24229	 0.00093	   40.19	3.479E+5	   0.118	        	        	        	        	        	        	        	        	        	        	        	        	        	        	        	        	        
      40	   4.000	   0.000	  0.6881	0.081882	 0.00593	-0.18203	0.033686	  0.6921	0.005934	-0.00205	-0.35316	 0.00005	   40.26	3.485E+5	   0.118	        	        	        	        	        	        	        	        	        	        	        	        	        	        	        	        	        
      41	   8.000	   0.000	  1.0205	0.113053	-0.00189	-0.22633	-0.030070	  1.0263	-0.001890	-0.00361	-0.48054	-0.00078	   40.23	3.482E+5	   0.118	        	        	        	        	        	        	        	        	        	        	        	        	        	        	        	        	        
      42	  12.000	   0.000	  1.2101	0.170640	 0.00055	-0.38095	-0.084686	  1.2192	0.000554	-0.00316	-0.68177	-0.00171	   40.17	3.478E+5	   0.118	        	        	        	        	        	        	        	        	        	        	        	        	        	        	        	        	        
      43	  -1.996	   0.000	  0.0796	0.048929	 0.00306	-0.17028	0.051672	  0.0778	0.003061	-0.00140	-0.18796	 0.00145	   40.24	3.483E+5	   0.118	        	        	        	        	        	        	        	        	        	        	        	        	        	        	        	        	        
      44	  -0.004	   0.000	  0.2880	0.051717	 0.00368	-0.18049	0.051737	  0.2880	0.003676	-0.00180	-0.25060	 0.00094	   40.23	3.480E+5	   0.118	        	        	        	        	        	        	        	        	        	        	        	        	        	        	        	        	        
      45	   4.000	   0.000	  0.6920	0.067328	 0.00661	-0.19363	0.018894	  0.6950	0.006608	-0.00254	-0.36536	-0.00017	   40.21	3.478E+5	   0.118	        	        	        	        	        	        	        	        	        	        	        	        	        	        	        	        	        
      46	   8.000	   0.000	  1.0313	0.095968	 0.00193	-0.24423	-0.048490	  1.0346	0.001934	-0.00357	-0.50034	-0.00177	   40.15	3.473E+5	   0.118	        	        	        	        	        	        	        	        	        	        	        	        	        	        	        	        	        
      47	  12.000	   0.000	  1.2311	0.150269	 0.00172	-0.42081	-0.108970	  1.2354	0.001722	-0.00391	-0.72528	-0.00215	   40.22	3.480E+5	   0.118	        	        	        	        	        	        	        	        	        	        	        	        	        	        	        	        	        
      48	  -1.996	   0.000	  0.0853	0.002154	 0.00794	-0.21183	0.005123	  0.0852	0.007937	-0.00252	-0.23091	-0.00028	   40.25	3.481E+5	   0.118	        	        	        	        	        	        	        	        	        	        	        	        	        	        	        	        	        
      49	  -0.004	   0.000	  0.2969	0.004633	 0.00699	-0.22678	0.004654	  0.2969	0.006989	-0.00324	-0.29866	-0.00020	   40.22	3.477E+5	   0.118	        	        	        	        	        	        	        	        	        	        	        	        	        	        	        	        	        
      50	   4.000	   0.000	  0.7067	0.020806	 0.00529	-0.24651	-0.028538	  0.7064	0.005292	-0.00447	-0.42054	-0.00006	   40.22	3.476E+5	   0.118	        	        	        	        	        	        	        	        	        	        	        	        	        	        	        	        	        
      51	   8.000	   0.000	  1.0506	0.051435	-0.00045	-0.29910	-0.095287	  1.0476	-0.000446	-0.00541	-0.55789	-0.00140	   40.19	3.475E+5	   0.118	        	        	        	        	        	        	        	        	        	        	        	        	        	        	        	        	        
      52	  12.000	   0.000	  1.2645	0.112074	-0.00518	-0.48909	-0.153270	  1.2601	-0.005185	-0.00676	-0.79903	-0.00077	   40.22	3.478E+5	   0.118	        	        	        	        	        	        	        	        	        	        	        	        	        	        	        	        	        
      53	  -1.996	   0.000	  0.0903	0.016555	 0.01096	-0.22859	0.019691	  0.0897	0.010963	-0.00318	-0.24867	-0.00042	   20.12	1.743E+5	   0.059	        	        	        	        	        	        	        	        	        	        	        	        	        	        	        	        	        
      54	  -0.004	   0.000	  0.2948	0.019505	 0.00862	-0.23443	0.019525	  0.2948	0.008616	-0.00383	-0.30571	-0.00040	   20.10	1.742E+5	   0.059	        	        	        	        	        	        	        	        	        	        	        	        	        	        	        	        	        
      55	   4.000	   0.000	  0.7021	0.037984	 0.00265	-0.23628	-0.011087	  0.7031	0.002653	-0.00522	-0.40963	-0.00040	   20.15	1.747E+5	   0.059	        	        	        	        	        	        	        	        	        	        	        	        	        	        	        	        	        
      56	   8.000	   0.000	  1.0454	0.068170	 0.00063	-0.31143	-0.077986	  1.0447	0.000629	-0.00623	-0.56942	-0.00036	   20.08	1.742E+5	   0.059	        	        	        	        	        	        	        	        	        	        	        	        	        	        	        	        	        
      57	  12.000	   0.000	  1.2853	0.130197	 0.00256	-0.46010	-0.139884	  1.2843	0.002559	-0.00500	-0.77646	-0.00095	   20.09	1.743E+5	   0.059	        	        	        	        	        	        	        	        	        	        	        	        	        	        	        	        	        
      58	  -1.979	   0.000	  0.0904	0.070412	 0.00728	-0.19000	0.073494	  0.0880	0.007282	-0.00133	-0.21004	 0.00099	   20.11	1.745E+5	   0.059	        	        	        	        	        	        	        	        	        	        	        	        	        	        	        	        	        
      59	  -0.004	   0.000	  0.2895	0.073151	 0.00707	-0.18695	0.073171	  0.2895	0.007070	-0.00161	-0.25741	 0.00030	   20.10	1.744E+5	   0.059	        	        	        	        	        	        	        	        	        	        	        	        	        	        	        	        	        
      60	   4.000	   0.000	  0.6876	0.090638	 0.00422	-0.18302	0.042456	  0.6922	0.004216	-0.00295	-0.35420	-0.00072	   20.14	1.748E+5	   0.059	        	        	        	        	        	        	        	        	        	        	        	        	        	        	        	        	        
      61	   8.000	   0.000	  1.0151	0.121258	 0.00167	-0.24278	-0.021196	  1.0221	0.001665	-0.00444	-0.49581	-0.00043	   20.17	1.750E+5	   0.059	        	        	        	        	        	        	        	        	        	        	        	        	        	        	        	        	        
      62	  12.000	   0.000	  1.2371	0.183262	 0.00721	-0.35751	-0.077961	  1.2482	0.007208	-0.00176	-0.66590	-0.00200	   20.12	1.747E+5	   0.059	        	        	        	        	        	        	        	        	        	        	        	        	        	        	        	        	        
      63	   8.004	   0.000	  1.0322	0.096786	 0.00243	-0.24540	-0.047881	  1.0356	0.002427	-0.00366	-0.50175	-0.00191	   40.22	3.488E+5	   0.118	        	        	        	        	        	        	        	        	        	        	        	        	        	        	        	        	        
