  Run_nr	   Alpha	    Beta	      CL	      CD	    Cyaw	 Cm_p_qc	      Ct	      Cn	   Cside	 Cm_roll	Cm_pitch	  Cm_yaw	       V	      Re	       M
       /	 degrees	 degrees	       /	       /	       /	       /	       /	       /	       /	       /	       /	       /	     m/s	       /	       /
      64	   7.996	   0.000	  0.9871	-0.005884	-0.00522	-0.10801	-0.143137	  0.9767	-0.005216	-0.00758	-0.35106	-0.00058	   40.22	3.485E+5	   0.118	        	        	        	        	        	        	        	        	        	        	        	        	        	        	        	        	        
      65	  -1.996	   0.000	  0.0069	0.066773	 0.00191	 0.05798	0.066972	  0.0046	0.001905	-0.00059	 0.05623	 0.00198	   40.23	3.485E+5	   0.118	        	        	        	        	        	        	        	        	        	        	        	        	        	        	        	        	        
      66	  -0.004	   0.000	  0.2127	0.067345	 0.00275	 0.05088	0.067360	  0.2127	0.002745	-0.00082	-0.00282	 0.00137	   40.20	3.481E+5	   0.118	        	        	        	        	        	        	        	        	        	        	        	        	        	        	        	        	        
      67	   4.000	   0.000	  0.6075	0.078398	 0.00655	 0.05228	0.035831	  0.6115	0.006547	-0.00128	-0.10114	-0.00025	   40.16	3.476E+5	   0.118	        	        	        	        	        	        	        	        	        	        	        	        	        	        	        	        	        
      68	   8.000	   0.000	  0.9459	0.105780	-0.00232	-0.00341	-0.026894	  0.9514	-0.002321	-0.00304	-0.24123	-0.00050	   40.14	3.474E+5	   0.118	        	        	        	        	        	        	        	        	        	        	        	        	        	        	        	        	        
      69	  12.000	   0.000	  1.1252	0.161352	-0.00058	-0.12980	-0.076119	  1.1342	-0.000583	-0.00286	-0.41199	-0.00154	   40.23	3.483E+5	   0.118	        	        	        	        	        	        	        	        	        	        	        	        	        	        	        	        	        
      70	  -1.996	   0.000	  0.0000	0.048949	 0.00226	 0.05817	0.048920	 -0.0017	0.002256	-0.00120	 0.05799	 0.00174	   40.27	3.483E+5	   0.118	        	        	        	        	        	        	        	        	        	        	        	        	        	        	        	        	        
      71	  -0.004	   0.000	  0.2089	0.049700	 0.00297	 0.04755	0.049715	  0.2089	0.002974	-0.00160	-0.00518	 0.00118	   40.23	3.478E+5	   0.118	        	        	        	        	        	        	        	        	        	        	        	        	        	        	        	        	        
      72	   4.000	   0.000	  0.6115	0.060918	 0.00744	 0.04215	0.018113	  0.6143	0.007435	-0.00198	-0.11185	-0.00053	   40.21	3.477E+5	   0.118	        	        	        	        	        	        	        	        	        	        	        	        	        	        	        	        	        
      73	   8.000	   0.000	  0.9577	0.086216	 0.00076	-0.01929	-0.047915	  0.9604	0.000756	-0.00334	-0.25920	-0.00130	   40.18	3.474E+5	   0.118	        	        	        	        	        	        	        	        	        	        	        	        	        	        	        	        	        
      74	  12.000	   0.000	  1.1492	0.135927	 0.00148	-0.16438	-0.105967	  1.1523	0.001476	-0.00354	-0.45075	-0.00202	   40.16	3.474E+5	   0.118	        	        	        	        	        	        	        	        	        	        	        	        	        	        	        	        	        
      75	  11.996	   0.000	  1.1593	0.169725	 0.00549	-0.11314	-0.074941	  1.1693	0.005486	-0.00128	-0.40430	-0.00140	   20.11	1.743E+5	   0.059	        	        	        	        	        	        	        	        	        	        	        	        	        	        	        	        	        
      76	   8.004	   0.000	  0.9390	0.111676	 0.00089	 0.00956	-0.020153	  0.9454	0.000886	-0.00325	-0.22687	-0.00034	   20.11	1.743E+5	   0.059	        	        	        	        	        	        	        	        	        	        	        	        	        	        	        	        	        
      77	   4.000	   0.000	  0.6031	0.085773	 0.00114	 0.06402	0.043494	  0.6076	0.001141	-0.00180	-0.08854	 0.00016	   20.13	1.745E+5	   0.059	        	        	        	        	        	        	        	        	        	        	        	        	        	        	        	        	        
      78	   0.000	   0.000	  0.2056	0.072011	 0.00464	 0.05422	0.072010	  0.2056	0.004638	-0.00089	 0.00228	 0.00102	   20.14	1.747E+5	   0.059	        	        	        	        	        	        	        	        	        	        	        	        	        	        	        	        	        
      79	  -2.000	   0.000	  0.0036	0.070046	 0.00495	 0.06202	0.070129	  0.0011	0.004946	-0.00089	 0.06110	 0.00172	   20.16	1.748E+5	   0.059	        	        	        	        	        	        	        	        	        	        	        	        	        	        	        	        	        
      80	  -2.000	   0.000	 -0.0001	0.016545	 0.01048	 0.04108	0.016533	 -0.0006	0.010481	-0.00227	 0.04082	-0.00025	   20.15	1.748E+5	   0.059	        	        	        	        	        	        	        	        	        	        	        	        	        	        	        	        	        
      81	  -0.005	   0.000	  0.2083	0.017162	 0.00932	 0.02893	0.017178	  0.2083	0.009319	-0.00299	-0.02344	-0.00050	   20.14	1.747E+5	   0.059	        	        	        	        	        	        	        	        	        	        	        	        	        	        	        	        	        
      82	   4.000	   0.000	  0.6168	0.029608	 0.00236	 0.02449	-0.013491	  0.6174	0.002362	-0.00475	-0.13010	-0.00031	   20.06	1.740E+5	   0.059	        	        	        	        	        	        	        	        	        	        	        	        	        	        	        	        	        
      83	   8.000	   0.000	  0.9603	0.056244	 0.00119	-0.03966	-0.077952	  0.9588	0.001194	-0.00571	-0.27895	-0.00059	   20.10	1.744E+5	   0.059	        	        	        	        	        	        	        	        	        	        	        	        	        	        	        	        	        
      84	  12.000	   0.000	  1.1987	0.113267	 0.00281	-0.18740	-0.138428	  1.1960	0.002814	-0.00420	-0.48448	-0.00090	   20.05	1.740E+5	   0.059	        	        	        	        	        	        	        	        	        	        	        	        	        	        	        	        	        
      85	  -1.996	   0.000	  0.0087	0.071353	 0.00552	 0.06131	0.071614	  0.0062	0.005523	-0.00116	 0.05913	 0.00187	   20.06	1.742E+5	   0.059	        	        	        	        	        	        	        	        	        	        	        	        	        	        	        	        	        
      86	  -0.004	   0.000	  0.2078	0.072472	 0.00429	 0.05778	0.072486	  0.2078	0.004295	-0.00153	 0.00525	 0.00104	   20.10	1.746E+5	   0.059	        	        	        	        	        	        	        	        	        	        	        	        	        	        	        	        	        
      87	   4.000	   0.000	  0.6061	0.085335	 0.00258	 0.06508	0.042851	  0.6105	0.002578	-0.00225	-0.08822	-0.00029	   20.10	1.746E+5	   0.059	        	        	        	        	        	        	        	        	        	        	        	        	        	        	        	        	        
      88	   8.000	   0.000	  0.9383	0.112004	 0.00244	 0.00886	-0.019669	  0.9447	0.002436	-0.00340	-0.22741	-0.00081	   20.11	1.747E+5	   0.059	        	        	        	        	        	        	        	        	        	        	        	        	        	        	        	        	        
      89	  12.000	   0.000	  1.1565	0.171837	 0.00599	-0.10781	-0.072370	  1.1670	0.005989	-0.00146	-0.39844	-0.00175	   20.09	1.746E+5	   0.059	        	        	        	        	        	        	        	        	        	        	        	        	        	        	        	        	        
      90	  -1.996	   0.000	  0.0059	0.068321	 0.00057	 0.06285	0.068486	  0.0035	0.000568	-0.00072	 0.06131	 0.00230	   40.22	3.488E+5	   0.118	        	        	        	        	        	        	        	        	        	        	        	        	        	        	        	        	        
      91	  -0.005	   0.000	  0.2117	0.068918	 0.00187	 0.05509	0.068934	  0.2117	0.001866	-0.00087	 0.00160	 0.00159	   40.20	3.483E+5	   0.118	        	        	        	        	        	        	        	        	        	        	        	        	        	        	        	        	        
      92	   4.000	   0.000	  0.6065	0.080001	 0.00679	 0.05486	0.037495	  0.6107	0.006792	-0.00115	-0.09838	-0.00031	   40.25	3.486E+5	   0.118	        	        	        	        	        	        	        	        	        	        	        	        	        	        	        	        	        
      93	   8.000	   0.000	  0.9444	0.107329	-0.00113	-0.00290	-0.025146	  0.9501	-0.001132	-0.00279	-0.24039	-0.00077	   40.23	3.484E+5	   0.118	        	        	        	        	        	        	        	        	        	        	        	        	        	        	        	        	        
      94	  12.000	   0.000	  1.1191	0.163384	 0.00054	-0.12299	-0.072852	  1.1286	0.000539	-0.00264	-0.40386	-0.00193	   40.18	3.480E+5	   0.118	        	        	        	        	        	        	        	        	        	        	        	        	        	        	        	        	        
