  Run_nr	   Alpha	    Beta	      CL	      CD	    Cyaw	 Cm_p_qc	      Ct	      Cn	   Cside	 Cm_roll	Cm_pitch	  Cm_yaw	       V	      Re	       M
       /	 degrees	 degrees	       /	       /	       /	       /	       /	       /	       /	       /	       /	       /	     m/s	       /	       /
       1	  12.000	   0.000	  1.0925	0.085349	-0.00282	 0.02989	-0.143668	  1.0864	-0.002824	-0.00625	-0.24202	-0.00151	   40.18	3.493E+5	   0.118	        	        	        	        	        	        	        	        	        	        	        	        	        	        	        	        	        
       2	   8.004	   0.000	  0.8993	0.036278	 0.00099	 0.16450	-0.089290	  0.8955	0.000992	-0.00528	-0.06110	-0.00180	   40.26	3.498E+5	   0.118	        	        	        	        	        	        	        	        	        	        	        	        	        	        	        	        	        
       3	   4.000	   0.000	  0.5382	0.013775	 0.00388	 0.24647	-0.023800	  0.5378	0.003884	-0.00392	 0.10945	-0.00119	   40.40	3.509E+5	   0.118	        	        	        	        	        	        	        	        	        	        	        	        	        	        	        	        	        
       4	   0.000	   0.000	  0.1253	0.006009	 0.00856	 0.27878	0.006009	  0.1253	0.008560	-0.00221	 0.24454	-0.00082	   40.34	3.503E+5	   0.118	        	        	        	        	        	        	        	        	        	        	        	        	        	        	        	        	        
       5	  -2.000	   0.000	 -0.0918	0.007625	 0.00873	 0.30090	0.004415	 -0.0921	0.008727	-0.00171	 0.32078	-0.00052	   40.31	3.498E+5	   0.118	        	        	        	        	        	        	        	        	        	        	        	        	        	        	        	        	        
       6	  -2.000	   0.000	 -0.0751	0.071202	 0.00072	 0.29765	0.068538	 -0.0775	0.000716	-0.00107	 0.31394	 0.00218	   40.21	3.487E+5	   0.118	        	        	        	        	        	        	        	        	        	        	        	        	        	        	        	        	        
       7	  -0.004	   0.000	  0.1322	0.069743	 0.00166	 0.28447	0.069753	  0.1322	0.001661	-0.00131	 0.24846	 0.00161	   40.20	3.486E+5	   0.118	        	        	        	        	        	        	        	        	        	        	        	        	        	        	        	        	        
       8	   4.000	   0.000	  0.5346	0.076979	 0.00424	 0.26879	0.039497	  0.5387	0.004244	-0.00175	 0.13132	 0.00040	   40.12	3.478E+5	   0.118	        	        	        	        	        	        	        	        	        	        	        	        	        	        	        	        	        
       9	   8.000	   0.000	  0.8750	0.100903	-0.00317	 0.20809	-0.021857	  0.8805	-0.003171	-0.00309	-0.01421	-0.00039	   40.19	3.484E+5	   0.118	        	        	        	        	        	        	        	        	        	        	        	        	        	        	        	        	        
      10	  12.000	   0.000	  1.0531	0.153187	-0.00209	 0.08870	-0.069106	  1.0619	-0.002086	-0.00311	-0.17770	-0.00124	   40.21	3.485E+5	   0.118	        	        	        	        	        	        	        	        	        	        	        	        	        	        	        	        	        
      11	  -1.996	   0.000	 -0.0774	0.068656	 0.00114	 0.29890	0.065920	 -0.0797	0.001142	-0.00099	 0.31572	 0.00206	   40.19	3.483E+5	   0.118	        	        	        	        	        	        	        	        	        	        	        	        	        	        	        	        	        
      12	  -0.004	   0.000	  0.1312	0.066991	 0.00132	 0.28415	0.067001	  0.1312	0.001324	-0.00134	 0.24838	 0.00165	   40.20	3.483E+5	   0.118	        	        	        	        	        	        	        	        	        	        	        	        	        	        	        	        	        
      13	   4.000	   0.000	  0.5359	0.074201	 0.00406	 0.26501	0.036637	  0.5398	0.004061	-0.00187	 0.12730	 0.00048	   40.20	3.481E+5	   0.118	        	        	        	        	        	        	        	        	        	        	        	        	        	        	        	        	        
      14	   8.000	   0.000	  0.8791	0.098389	-0.00382	 0.20356	-0.024917	  0.8842	-0.003820	-0.00324	-0.01962	-0.00023	   40.16	3.478E+5	   0.118	        	        	        	        	        	        	        	        	        	        	        	        	        	        	        	        	        
      15	  12.000	   0.000	  1.0590	0.147999	-0.00155	 0.08311	-0.075408	  1.0666	-0.001552	-0.00313	-0.18441	-0.00114	   40.23	3.484E+5	   0.118	        	        	        	        	        	        	        	        	        	        	        	        	        	        	        	        	        
      16	  12.000	   0.000	  1.0738	0.126917	 0.00099	 0.06549	-0.099118	  1.0767	0.000994	-0.00372	-0.20437	-0.00194	   40.22	3.484E+5	   0.118	        	        	        	        	        	        	        	        	        	        	        	        	        	        	        	        	        
      17	   8.004	   0.000	  0.8893	0.082020	 0.00092	 0.18922	-0.042608	  0.8921	0.000919	-0.00340	-0.03577	-0.00145	   40.23	3.484E+5	   0.118	        	        	        	        	        	        	        	        	        	        	        	        	        	        	        	        	        
      18	   8.004	   0.000	  0.9089	-0.011422	-0.00276	 0.14041	-0.137869	  0.8985	-0.002762	-0.00721	-0.08567	-0.00132	   40.18	3.479E+5	   0.118	        	        	        	        	        	        	        	        	        	        	        	        	        	        	        	        	        
      19	   4.000	   0.000	  0.5373	0.061115	-0.00073	 0.25826	0.023485	  0.5403	-0.000729	-0.00282	 0.12050	 0.00000	   40.22	3.482E+5	   0.118	        	        	        	        	        	        	        	        	        	        	        	        	        	        	        	        	        
      20	   0.000	   0.000	  0.1295	0.052693	 0.00242	 0.28293	0.052693	  0.1295	0.002415	-0.00166	 0.24761	 0.00127	   40.34	3.491E+5	   0.118	        	        	        	        	        	        	        	        	        	        	        	        	        	        	        	        	        
      21	  -2.000	   0.000	 -0.0846	0.053290	 0.00158	 0.30058	0.050307	 -0.0864	0.001578	-0.00140	 0.31904	 0.00189	   40.21	3.479E+5	   0.118	        	        	        	        	        	        	        	        	        	        	        	        	        	        	        	        	        
      22	  11.995	   0.000	  1.1180	0.104495	 0.00316	 0.05732	-0.130139	  1.1153	0.003160	-0.00443	-0.22209	-0.00125	   20.11	1.744E+5	   0.059	        	        	        	        	        	        	        	        	        	        	        	        	        	        	        	        	        
      23	   8.004	   0.000	  0.8822	0.053112	 0.00296	 0.18637	-0.070239	  0.8810	0.002957	-0.00539	-0.03578	-0.00150	   20.13	1.747E+5	   0.059	        	        	        	        	        	        	        	        	        	        	        	        	        	        	        	        	        
      24	   4.000	   0.000	  0.5331	0.031512	 0.00311	 0.25791	-0.005755	  0.5340	0.003109	-0.00436	 0.12176	-0.00077	   20.15	1.749E+5	   0.059	        	        	        	        	        	        	        	        	        	        	        	        	        	        	        	        	        
      25	   0.000	   0.000	  0.1162	0.021631	 0.00964	 0.28527	0.021631	  0.1162	0.009638	-0.00246	 0.25328	-0.00095	   20.11	1.746E+5	   0.059	        	        	        	        	        	        	        	        	        	        	        	        	        	        	        	        	        
      26	  -2.000	   0.000	 -0.0947	0.022631	 0.00981	 0.30528	0.019315	 -0.0954	0.009813	-0.00205	 0.32599	-0.00053	   20.13	1.747E+5	   0.059	        	        	        	        	        	        	        	        	        	        	        	        	        	        	        	        	        
      27	  -2.000	   0.000	 -0.0777	0.076031	-0.00152	 0.30191	0.073271	 -0.0804	-0.001521	-0.00185	 0.31891	 0.00167	   20.10	1.745E+5	   0.059	        	        	        	        	        	        	        	        	        	        	        	        	        	        	        	        	        
      28	  -0.004	   0.000	  0.1239	0.074077	 0.00448	 0.28945	0.074086	  0.1239	0.004481	-0.00197	 0.25551	 0.00100	   20.10	1.745E+5	   0.059	        	        	        	        	        	        	        	        	        	        	        	        	        	        	        	        	        
      29	   4.000	   0.000	  0.5317	0.083115	-0.00013	 0.27659	0.045825	  0.5362	-0.000134	-0.00282	 0.13971	 0.00041	   20.09	1.745E+5	   0.059	        	        	        	        	        	        	        	        	        	        	        	        	        	        	        	        	        
      30	   8.000	   0.000	  0.8661	0.106459	 0.00219	 0.21625	-0.015115	  0.8725	0.002191	-0.00339	-0.00409	-0.00089	   20.07	1.744E+5	   0.059	        	        	        	        	        	        	        	        	        	        	        	        	        	        	        	        	        
      31	  12.000	   0.000	  1.0862	0.161423	 0.00429	 0.09839	-0.067943	  1.0960	0.004291	-0.00153	-0.17663	-0.00131	   20.12	1.748E+5	   0.059	        	        	        	        	        	        	        	        	        	        	        	        	        	        	        	        	        
      32	   8.001	   0.000	  0.8889	0.081973	 0.00117	 0.18854	-0.042555	  0.8916	0.001167	-0.00336	-0.03634	-0.00150	   40.18	3.485E+5	   0.118	        	        	        	        	        	        	        	        	        	        	        	        	        	        	        	        	        
