  Run_nr	    Time	   Alpha	    Beta	Delta_Pb	   P_bar	       T	      B1	      B2	      B3	      B4	      B5	      B6	     rpm	     Rho	       Q	       V	      Re	 nrotor1	 nrotor2	      I1	      I2	    dptq	  Extra1	  Extra2	  Extra3	  Extra4	  Extra5	  Extra6	  Extra7	  Extra8	  Extra9	 Extra10
       /	   H:M:S	 degrees	 degrees	      Pa	     hPa	 degr._C	   steps	   steps	   steps	   steps	   steps	   steps	   1/min	  kg/m^3	      Pa	     m/s	       /	     1/s	     1/s	       A	       A	      Pa	       /	       /	       /	       /	       /	       /	       /	       /	       /	       /
      64	 09:48:21	   7.996	   0.000	  415.09	 1011.68	   16.80	     8.9	    79.6	  2124.6	  1914.8	  -830.6	   -16.1	   0.000	   1.216	   972.8	    40.0	  446259	  122.98	  123.01	   12.07	   12.08	    0.00	  19.085	  19.990	  52.944	  50.897	   0.000	   0.000	   0.000	   0.000	   0.000	   0.000
      65	 09:49:24	  -1.996	   0.000	  415.26	 1011.69	   16.88	  1890.3	    52.0	  -302.3	  -292.3	  1590.0	   -99.3	   0.000	   1.215	   973.2	    40.0	  446196	   39.40	   39.40	   -1.28	   -1.18	    0.00	  20.758	  22.726	  24.258	  23.730	   0.000	   0.000	   0.000	   0.000	   0.000	   0.000
      66	 09:49:42	  -0.004	   0.000	  414.58	 1011.68	   16.95	  1872.5	     7.7	   118.5	   139.0	  1403.0	   -65.0	   0.000	   1.215	   971.6	    40.0	  445681	   39.40	   39.40	   -1.19	   -1.22	    0.00	  21.081	  22.896	  24.313	  23.768	   0.000	   0.000	   0.000	   0.000	   0.000	   0.000
      67	 09:50:06	   4.000	   0.000	  413.62	 1011.66	   17.01	  2097.4	  -110.0	   853.3	   907.7	  1319.7	    13.5	   0.000	   1.215	   969.3	    40.0	  445041	   39.40	   39.40	   -1.19	   -1.23	    0.00	  21.281	  22.796	  24.366	  23.822	   0.000	   0.000	   0.000	   0.000	   0.000	   0.000
      68	 09:50:29	   8.000	   0.000	  413.23	 1011.68	   17.02	  2752.4	    17.2	  1512.2	  1429.7	  1487.2	    10.2	   0.000	   1.215	   968.4	    39.9	  444815	   39.40	   39.40	   -1.26	   -1.19	    0.00	  21.289	  22.525	  24.306	  23.796	   0.000	   0.000	   0.000	   0.000	   0.000	   0.000
      69	 09:51:15	  12.000	   0.000	  415.19	 1011.67	   17.00	  4113.4	   -39.5	  1700.9	  1639.2	  2150.0	    53.3	   0.000	   1.215	   973.0	    40.0	  445911	   39.40	   39.40	   -1.04	   -1.34	    0.00	  21.044	  21.802	  24.960	  23.587	   0.000	   0.000	   0.000	   0.000	   0.000	   0.000
      70	 09:52:27	  -1.996	   0.000	  415.74	 1011.66	   17.12	  1451.8	    37.2	  -248.0	  -246.3	  1276.2	   -86.5	   0.000	   1.214	   974.3	    40.1	  445973	   78.70	   78.70	    0.10	   -0.01	    0.00	  20.647	  20.978	  54.930	  53.824	   0.000	   0.000	   0.000	   0.000	   0.000	   0.000
      71	 09:52:51	  -0.004	   0.000	  414.76	 1011.68	   17.18	  1438.2	    -2.5	   183.1	   190.2	  1080.2	   -55.9	   0.000	   1.214	   972.0	    40.0	  445329	   78.70	   78.70	    0.07	    0.01	    0.00	  20.533	  20.785	  54.660	  53.606	   0.000	   0.000	   0.000	   0.000	   0.000	   0.000
      72	 09:53:22	   4.000	   0.000	  414.46	 1011.67	   17.20	  1671.0	  -131.4	   933.8	   983.7	   977.9	    24.7	   0.000	   1.214	   971.3	    40.0	  445126	   78.70	   78.70	    0.09	   -0.02	    0.00	  20.384	  20.569	  54.616	  53.587	   0.000	   0.000	   0.000	   0.000	   0.000	   0.000
      73	 09:53:46	   8.000	   0.000	  413.87	 1011.65	   17.19	  2275.3	   -55.1	  1603.8	  1547.7	  1087.0	    47.6	   0.000	   1.214	   969.9	    40.0	  444819	   78.69	   78.69	    0.24	    0.10	    0.00	  20.258	  20.426	  55.525	  54.524	   0.000	   0.000	   0.000	   0.000	   0.000	   0.000
      74	 09:54:32	  12.000	   0.000	  413.56	 1011.69	   17.14	  3471.8	   -81.4	  1848.0	  1793.9	  1575.8	    69.9	   0.000	   1.214	   969.2	    40.0	  444758	   78.67	   78.76	    1.57	    1.06	    0.00	  20.064	  20.213	  50.318	  48.415	   0.000	   0.000	   0.000	   0.000	   0.000	   0.000
      75	 09:56:18	  11.996	   0.000	  104.30	 1011.66	   16.83	  1066.8	   -42.2	   374.4	   390.0	   809.1	    20.8	   0.000	   1.215	   243.3	    20.0	  223147	   27.60	   27.60	    0.04	   -0.12	    0.00	  19.807	  20.007	  21.782	  19.896	   0.000	   0.000	   0.000	   0.000	   0.000	   0.000
      76	 09:56:45	   8.004	   0.000	  104.26	 1011.67	   16.76	   713.3	   -15.1	   344.6	   336.7	   515.4	     5.4	   0.000	   1.216	   243.2	    20.0	  223182	   27.60	   27.60	   -0.14	   -0.10	    0.00	  19.690	  19.850	  20.233	  19.842	   0.000	   0.000	   0.000	   0.000	   0.000	   0.000
      77	 09:57:24	   4.000	   0.000	  104.49	 1011.67	   16.69	   560.8	   -12.9	   207.9	   206.7	   401.2	     2.9	   0.000	   1.216	   243.8	    20.0	  223492	   27.60	   27.60	   -0.08	   -0.13	    0.00	  19.496	  19.600	  20.265	  19.843	   0.000	   0.000	   0.000	   0.000	   0.000	   0.000
      78	 09:57:48	   0.000	   0.000	  104.61	 1011.66	   16.66	   500.0	    -9.0	    19.6	    29.1	   376.8	   -11.9	   0.000	   1.216	   244.0	    20.0	  223644	   27.60	   27.60	   -0.11	   -0.14	    0.00	  19.374	  19.458	  20.273	  19.848	   0.000	   0.000	   0.000	   0.000	   0.000	   0.000
      79	 09:58:18	  -2.000	   0.000	  104.83	 1011.66	   16.66	   504.3	     3.3	   -85.9	   -77.5	   421.5	   -23.6	   0.000	   1.216	   244.6	    20.1	  223884	   27.60	   27.60	   -0.11	   -0.12	    0.00	  19.230	  19.285	  20.307	  19.883	   0.000	   0.000	   0.000	   0.000	   0.000	   0.000
      80	 09:59:12	  -2.000	   0.000	  104.77	 1011.67	   16.66	   172.3	   -35.6	   -40.8	   -23.3	   165.2	     1.3	   0.000	   1.216	   244.4	    20.0	  223823	   51.80	   51.80	    0.74	    0.68	    0.00	  19.012	  19.035	  48.553	  47.469	   0.000	   0.000	   0.000	   0.000	   0.000	   0.000
      81	 09:59:30	  -0.005	   0.000	  104.63	 1011.69	   16.66	   156.8	   -42.9	    72.1	    87.4	   109.0	     8.5	   0.000	   1.216	   244.1	    20.0	  223677	   51.80	   51.80	    0.71	    0.68	    0.00	  18.962	  18.998	  48.535	  47.472	   0.000	   0.000	   0.000	   0.000	   0.000	   0.000
      82	 09:59:56	   4.000	   0.000	  103.80	 1011.71	   16.66	   212.0	   -19.7	   274.9	   262.2	   117.8	     6.2	   0.000	   1.216	   242.2	    20.0	  222789	   51.80	   51.80	    0.71	    0.72	    0.00	  18.918	  18.968	  48.615	  47.568	   0.000	   0.000	   0.000	   0.000	   0.000	   0.000
      83	 10:00:20	   8.000	   0.000	  104.22	 1011.72	   16.62	   371.1	   -15.3	   417.7	   397.9	   228.6	     4.4	   0.000	   1.216	   243.1	    20.0	  223271	   51.80	   51.80	    0.75	    0.70	    0.00	  18.871	  18.951	  48.879	  47.716	   0.000	   0.000	   0.000	   0.000	   0.000	   0.000
      84	 10:00:58	  12.000	   0.000	  103.76	 1011.72	   16.56	   714.5	   -21.9	   463.3	   457.1	   496.6	     7.1	   0.000	   1.217	   242.1	    19.9	  222844	   51.78	   51.77	    0.84	    0.78	    0.00	  18.817	  18.923	  50.548	  48.905	   0.000	   0.000	   0.000	   0.000	   0.000	   0.000
      85	 10:07:09	  -1.996	   0.000	  103.88	 1011.75	   16.44	   507.8	     2.5	   -83.8	   -75.2	   422.2	   -25.1	   0.000	   1.217	   242.3	    20.0	  223092	   22.00	   22.00	   -0.19	   -0.18	    0.00	  18.498	  18.566	  15.689	  15.395	   0.000	   0.000	   0.000	   0.000	   0.000	   0.000
      86	 10:07:28	  -0.004	   0.000	  104.33	 1011.74	   16.42	   497.8	   -10.5	    21.1	    29.5	   378.0	   -10.3	   0.000	   1.217	   243.4	    20.0	  223595	   22.00	   22.00	   -0.18	   -0.18	    0.00	  18.430	  18.483	  15.687	  15.389	   0.000	   0.000	   0.000	   0.000	   0.000	   0.000
      87	 10:07:51	   4.000	   0.000	  104.37	 1011.73	   16.42	   557.4	   -22.0	   208.4	   209.1	   399.0	     8.0	   0.000	   1.217	   243.5	    20.0	  223635	   22.00	   22.00	   -0.17	   -0.19	    0.00	  18.348	  18.383	  15.697	  15.403	   0.000	   0.000	   0.000	   0.000	   0.000	   0.000
      88	 10:08:20	   8.000	   0.000	  104.39	 1011.76	   16.40	   716.2	   -24.9	   342.8	   338.3	   516.8	    10.9	   0.000	   1.217	   243.5	    20.0	  223680	   22.00	   22.00	   -0.18	   -0.18	    0.00	  18.245	  18.267	  15.669	  15.407	   0.000	   0.000	   0.000	   0.000	   0.000	   0.000
      89	 10:09:05	  12.000	   0.000	  104.25	 1011.76	   16.35	  1079.3	   -46.9	   370.1	   385.9	   822.8	    24.6	   0.000	   1.217	   243.2	    20.0	  223580	   22.00	   22.00	   -0.11	   -0.21	    0.00	  18.076	  18.091	  15.983	  15.351	   0.000	   0.000	   0.000	   0.000	   0.000	   0.000
      90	 10:10:11	  -1.996	   0.000	  415.41	 1011.71	   16.71	  1929.2	    83.1	  -303.6	  -311.8	  1633.0	  -114.9	   0.000	   1.216	   973.5	    40.0	  446611	   27.00	   27.00	   -1.28	   -1.32	    0.00	  17.839	  17.895	  15.607	  15.236	   0.000	   0.000	   0.000	   0.000	   0.000	   0.000
      91	 10:10:32	  -0.005	   0.000	  414.66	 1011.74	   16.82	  1911.7	    28.5	   114.0	   123.4	  1444.3	   -75.8	   0.000	   1.215	   971.8	    40.0	  445989	   27.00	   27.00	   -1.43	   -1.39	    0.00	  17.822	  17.897	  15.604	  15.246	   0.000	   0.000	   0.000	   0.000	   0.000	   0.000
      92	 10:11:02	   4.000	   0.000	  415.57	 1011.74	   16.90	  2147.1	  -116.4	   845.6	   905.5	  1362.7	    16.6	   0.000	   1.215	   973.9	    40.0	  446327	   27.00	   27.00	   -1.28	   -1.38	    0.00	  17.825	  17.923	  15.600	  15.246	   0.000	   0.000	   0.000	   0.000	   0.000	   0.000
      93	 10:11:25	   8.000	   0.000	  415.20	 1011.75	   16.90	  2804.0	   -11.1	  1501.7	  1436.7	  1523.9	    25.2	   0.000	   1.215	   973.1	    40.0	  446130	   27.00	   27.00	   -1.37	   -1.38	    0.00	  17.831	  17.963	  15.545	  15.217	   0.000	   0.000	   0.000	   0.000	   0.000	   0.000
      94	 10:12:21	  12.000	   0.000	  414.17	 1011.71	   16.91	  4153.2	   -72.2	  1665.4	  1619.5	  2205.4	    75.0	   0.000	   1.215	   970.6	    40.0	  445539	   27.00	   27.00	   -1.32	   -1.50	    0.00	  17.882	  18.048	  15.447	  15.025	   0.000	   0.000	   0.000	   0.000	   0.000	   0.000
