  Run_nr	   Alpha	    Beta	      CL	      CD	    Cyaw	 Cm_p_qc	      Ct	      Cn	   Cside	 Cm_roll	Cm_pitch	  Cm_yaw	      Cx	      Cy	      Cz	    Cm_x	    Cm_y	    Cm_z	      Fx	      Fy	      Fz	      Mx	      My	      Mz	     DPb	    Pbar	       T	     Rho	       Q	       V	      Re	       M
       /	 degrees	 degrees	       /	       /	       /	       /	       /	       /	       /	       /	       /	       /	       /	       /	       /	       /	       /	       /	       N	       N	       N	      Nm	      Nm	      Nm	      Pa	      Pa	 degr. C	  kg/m^3	      Pa	     m/s	       /	       /
      64	   7.996	   0.000	  0.9975	-0.005946	-0.00527	-0.10801	-0.144643	  0.9870	-0.005271	-0.00766	-0.35475	-0.00058	-0.005946	0.005271	0.997485	-0.00681	-0.35379	 0.00049	    0.24	    1.18	  227.05	   -2.14	  -12.82	    0.15	  415.09	 1011.68	   16.80	   1.216	   972.8	   40.01	3.467E+5	   0.117
      65	  -1.996	   0.000	  0.0070	0.067475	 0.00193	 0.05798	0.067677	  0.0046	0.001926	-0.00060	 0.05683	 0.00200	0.067475	-0.001926	0.006971	-0.00098	 0.04585	 0.00198	   17.28	   -0.43	    2.79	   -0.31	    2.36	    0.62	  415.26	 1011.69	   16.88	   1.215	   973.2	   40.02	3.467E+5	   0.117
      66	  -0.004	   0.000	  0.2150	0.068054	 0.00277	 0.05088	0.068069	  0.2149	0.002774	-0.00083	-0.00285	 0.00138	0.068054	-0.002774	0.214953	-0.00128	-0.01393	 0.00138	   17.26	   -0.62	   50.22	   -0.40	    0.07	    0.43	  414.58	 1011.68	   16.95	   1.215	   971.6	   39.99	3.463E+5	   0.117
      67	   4.000	   0.000	  0.6139	0.079223	 0.00662	 0.05228	0.036208	  0.6179	0.006616	-0.00129	-0.10220	-0.00025	0.079223	-0.006616	0.613882	-0.00238	-0.11509	-0.00016	   19.43	   -1.48	  140.28	   -0.75	   -3.81	   -0.05	  413.62	 1011.66	   17.01	   1.215	   969.3	   39.95	3.458E+5	   0.117
      68	   8.000	   0.000	  0.9559	0.106893	-0.00235	-0.00341	-0.027177	  0.9614	-0.002346	-0.00307	-0.24377	-0.00050	0.106893	0.002346	0.955855	-0.00273	-0.26116	-0.00008	   25.48	    0.52	  216.71	   -0.85	   -9.34	   -0.02	  413.23	 1011.68	   17.02	   1.215	   968.4	   39.93	3.456E+5	   0.117
      69	  12.000	   0.000	  1.1371	0.163050	-0.00059	-0.12980	-0.076920	  1.1461	-0.000589	-0.00289	-0.41633	-0.00155	0.163050	0.000589	1.137055	-0.00306	-0.44286	-0.00098	   37.98	    0.13	  257.39	   -0.96	  -16.04	   -0.31	  415.19	 1011.67	   17.00	   1.215	   973.0	   40.03	3.465E+5	   0.117
      70	  -1.996	   0.000	  0.0000	0.049464	 0.00228	 0.05817	0.049435	 -0.0017	0.002279	-0.00121	 0.05860	 0.00176	0.049464	-0.002279	0.000012	-0.00164	 0.05055	 0.00172	   13.25	   -0.51	    1.23	   -0.52	    2.54	    0.54	  415.74	 1011.66	   17.12	   1.214	   974.3	   40.06	3.465E+5	   0.117
      71	  -0.004	   0.000	  0.2111	0.050223	 0.00301	 0.04755	0.050238	  0.2111	0.003006	-0.00161	-0.00524	 0.00120	0.050223	-0.003006	0.211145	-0.00210	-0.01341	 0.00120	   13.26	   -0.67	   49.39	   -0.66	    0.09	    0.38	  414.76	 1011.68	   17.18	   1.214	   972.0	   40.02	3.460E+5	   0.117
      72	   4.000	   0.000	  0.6179	0.061559	 0.00751	 0.04215	0.018304	  0.6207	0.007513	-0.00200	-0.11303	-0.00053	0.061559	-0.007513	0.617941	-0.00325	-0.12305	-0.00039	   15.51	   -1.69	  141.48	   -1.02	   -4.11	   -0.12	  414.46	 1011.67	   17.20	   1.214	   971.3	   40.01	3.458E+5	   0.117
      73	   8.000	   0.000	  0.9678	0.087124	 0.00076	-0.01929	-0.048420	  0.9705	0.000763	-0.00338	-0.26192	-0.00131	0.087124	-0.000763	0.967821	-0.00365	-0.27610	-0.00085	   21.09	   -0.17	  219.73	   -1.15	   -9.91	   -0.27	  413.87	 1011.65	   17.19	   1.214	   969.9	   39.98	3.456E+5	   0.117
      74	  12.000	   0.000	  1.1613	0.137358	 0.00149	-0.16438	-0.107082	  1.1644	0.001491	-0.00358	-0.45549	-0.00204	0.137358	-0.001491	1.161253	-0.00418	-0.47784	-0.00132	   32.08	   -0.33	  261.79	   -1.31	  -17.26	   -0.41	  413.56	 1011.69	   17.14	   1.214	   969.2	   39.96	3.456E+5	   0.117
      75	  11.996	   0.000	  1.1713	0.171483	 0.00554	-0.11314	-0.075717	  1.1814	0.005543	-0.00129	-0.40849	-0.00142	0.171483	-0.005543	1.171332	-0.00247	-0.43639	-0.00117	    9.97	   -0.31	   66.29	   -0.19	   -3.95	   -0.09	  104.30	 1011.66	   16.83	   1.215	   243.3	   20.01	1.734E+5	   0.059
      76	   8.004	   0.000	  0.9487	0.112833	 0.00090	 0.00956	-0.020362	  0.9551	0.000896	-0.00328	-0.22922	-0.00034	0.112833	-0.000896	0.948679	-0.00345	-0.24758	 0.00012	    6.73	   -0.05	   54.03	   -0.27	   -2.22	    0.01	  104.26	 1011.67	   16.76	   1.216	   243.2	   20.00	1.734E+5	   0.059
      77	   4.000	   0.000	  0.6093	0.086662	 0.00115	 0.06402	0.043944	  0.6139	0.001152	-0.00181	-0.08945	 0.00016	0.086662	-0.001152	0.609343	-0.00199	-0.10355	 0.00029	    5.31	   -0.06	   35.02	   -0.16	   -0.85	    0.02	  104.49	 1011.67	   16.69	   1.216	   243.8	   20.02	1.736E+5	   0.059
      78	   0.000	   0.000	  0.2077	0.072757	 0.00469	 0.05422	0.072756	  0.2077	0.004686	-0.00090	 0.00230	 0.00103	0.072757	-0.004686	0.207680	-0.00166	-0.00954	 0.00103	    4.60	   -0.26	   12.20	   -0.13	    0.06	    0.08	  104.61	 1011.66	   16.66	   1.216	   244.0	   20.03	1.738E+5	   0.059
      79	  -2.000	   0.000	  0.0036	0.070772	 0.00500	 0.06202	0.070855	  0.0011	0.004997	-0.00090	 0.06173	 0.00173	0.070772	-0.004997	0.003617	-0.00177	 0.05022	 0.00170	    4.53	   -0.28	    0.51	   -0.14	    0.63	    0.13	  104.83	 1011.66	   16.66	   1.216	   244.6	   20.06	1.740E+5	   0.059
      80	  -2.000	   0.000	 -0.0001	0.016716	 0.01059	 0.04108	0.016704	 -0.0006	0.010590	-0.00229	 0.04124	-0.00026	0.016716	-0.010590	-0.000058	-0.00401	 0.03852	-0.00034	    1.47	   -0.60	    0.30	   -0.32	    0.52	   -0.03	  104.77	 1011.67	   16.66	   1.216	   244.4	   20.05	1.739E+5	   0.059
      81	  -0.005	   0.000	  0.2105	0.017339	 0.00942	 0.02893	0.017356	  0.2105	0.009415	-0.00302	-0.02369	-0.00050	0.017339	-0.009415	0.210464	-0.00455	-0.02651	-0.00050	    1.48	   -0.53	   12.36	   -0.36	   -0.10	   -0.04	  104.63	 1011.69	   16.66	   1.216	   244.1	   20.04	1.738E+5	   0.059
      82	   4.000	   0.000	  0.6232	0.029915	 0.00239	 0.02449	-0.013630	  0.6238	0.002386	-0.00480	-0.13145	-0.00031	0.029915	-0.002386	0.623204	-0.00520	-0.13632	 0.00002	    2.10	   -0.13	   35.57	   -0.41	   -1.15	    0.00	  103.80	 1011.71	   16.66	   1.216	   242.2	   19.96	1.731E+5	   0.058
      83	   8.000	   0.000	  0.9702	0.056827	 0.00121	-0.03966	-0.078760	  0.9687	0.001207	-0.00577	-0.28184	-0.00060	0.056827	-0.001207	0.970246	-0.00600	-0.29108	 0.00021	    3.58	   -0.07	   55.22	   -0.47	   -2.62	    0.02	  104.22	 1011.72	   16.62	   1.216	   243.1	   19.99	1.735E+5	   0.059
      84	  12.000	   0.000	  1.2111	0.114440	 0.00284	-0.18740	-0.139862	  1.2084	0.002844	-0.00425	-0.48950	-0.00091	0.114440	-0.002844	1.211090	-0.00481	-0.50812	-0.00003	    6.73	   -0.16	   68.17	   -0.38	   -4.59	   -0.00	  103.76	 1011.72	   16.56	   1.217	   242.1	   19.95	1.731E+5	   0.058
      85	  -1.996	   0.000	  0.0088	0.072092	 0.00558	 0.06131	0.072356	  0.0063	0.005581	-0.00117	 0.05974	 0.00189	0.072092	-0.005581	0.008815	-0.00214	 0.04801	 0.00185	    4.56	   -0.31	    0.80	   -0.17	    0.61	    0.14	  103.88	 1011.75	   16.44	   1.217	   242.3	   19.96	1.733E+5	   0.058
      86	  -0.004	   0.000	  0.2099	0.073223	 0.00434	 0.05778	0.073237	  0.2099	0.004339	-0.00154	 0.00531	 0.00105	0.073223	-0.004339	0.209917	-0.00225	-0.00661	 0.00105	    4.61	   -0.24	   12.30	   -0.18	    0.08	    0.08	  104.33	 1011.74	   16.42	   1.217	   243.4	   20.00	1.737E+5	   0.059
      87	   4.000	   0.000	  0.6123	0.086219	 0.00260	 0.06508	0.043294	  0.6169	0.002605	-0.00227	-0.08914	-0.00029	0.086219	-0.002605	0.612344	-0.00271	-0.10317	-0.00013	    5.28	   -0.15	   35.15	   -0.21	   -0.85	   -0.01	  104.37	 1011.73	   16.42	   1.217	   243.5	   20.00	1.738E+5	   0.059
      88	   8.000	   0.000	  0.9480	0.113164	 0.00246	 0.00886	-0.019873	  0.9545	0.002462	-0.00343	-0.22976	-0.00082	0.113164	-0.002462	0.947982	-0.00391	-0.24817	-0.00034	    6.76	   -0.14	   54.05	   -0.31	   -2.23	   -0.03	  104.39	 1011.76	   16.40	   1.217	   243.5	   20.00	1.738E+5	   0.059
      89	  12.000	   0.000	  1.1685	0.173617	 0.00605	-0.10781	-0.073120	  1.1790	0.006051	-0.00148	-0.40257	-0.00176	0.173617	-0.006051	1.168485	-0.00281	-0.43082	-0.00149	   10.09	   -0.34	   66.10	   -0.22	   -3.90	   -0.12	  104.25	 1011.76	   16.35	   1.217	   243.2	   19.99	1.737E+5	   0.059
      90	  -1.996	   0.000	  0.0060	0.069040	 0.00057	 0.06285	0.069207	  0.0036	0.000574	-0.00073	 0.06195	 0.00233	0.069040	-0.000574	0.005980	-0.00091	 0.05072	 0.00230	   17.64	   -0.13	    2.57	   -0.29	    2.54	    0.73	  415.41	 1011.71	   16.71	   1.216	   973.5	   40.02	3.470E+5	   0.117
      91	  -0.005	   0.000	  0.2139	0.069643	 0.00189	 0.05509	0.069660	  0.2139	0.001886	-0.00087	 0.00161	 0.00161	0.069643	-0.001886	0.213925	-0.00118	-0.00972	 0.00161	   17.62	   -0.42	   50.00	   -0.37	    0.22	    0.50	  414.66	 1011.74	   16.82	   1.215	   971.8	   39.99	3.465E+5	   0.117
      92	   4.000	   0.000	  0.6129	0.080843	 0.00686	 0.05486	0.037890	  0.6171	0.006864	-0.00116	-0.09941	-0.00031	0.080843	-0.006864	0.612932	-0.00230	-0.11256	-0.00023	   19.89	   -1.54	  140.73	   -0.72	   -3.73	   -0.07	  415.57	 1011.74	   16.90	   1.215	   973.9	   40.04	3.468E+5	   0.117
      93	   8.000	   0.000	  0.9543	0.108459	-0.00114	-0.00290	-0.025411	  0.9601	-0.001143	-0.00282	-0.24292	-0.00078	0.108459	0.001143	0.954301	-0.00272	-0.26057	-0.00039	   25.95	    0.26	  217.40	   -0.85	   -9.36	   -0.12	  415.20	 1011.75	   16.90	   1.215	   973.1	   40.02	3.466E+5	   0.117
      94	  12.000	   0.000	  1.1308	0.165103	 0.00054	-0.12299	-0.073619	  1.1405	0.000545	-0.00266	-0.40811	-0.00195	0.165103	-0.000545	1.130835	-0.00312	-0.43497	-0.00143	   38.35	   -0.12	  255.36	   -0.98	  -15.70	   -0.45	  414.17	 1011.71	   16.91	   1.215	   970.6	   39.97	3.462E+5	   0.117
