  Run_nr	   Alpha	    Beta	      CL	      CD	    Cyaw	 Cm_p_qc	      Ct	      Cn	   Cside	 Cm_roll	Cm_pitch	  Cm_yaw	      Cx	      Cy	      Cz	    Cm_x	    Cm_y	    Cm_z	      Fx	      Fy	      Fz	      Mx	      My	      Mz	     DPb	    Pbar	       T	     Rho	       Q	       V	      Re	       M
       /	 degrees	 degrees	       /	       /	       /	       /	       /	       /	       /	       /	       /	       /	       /	       /	       /	       /	       /	       /	       N	       N	       N	      Nm	      Nm	      Nm	      Pa	      Pa	 degr. C	  kg/m^3	      Pa	     m/s	       /	       /
      33	  -2.000	   0.000	  0.0871	0.067310	 0.00340	-0.16816	0.070310	  0.0847	0.003395	-0.00052	-0.18934	 0.00148	0.067310	-0.003395	0.087129	-0.00112	-0.20029	 0.00146	   17.21	   -0.76	   20.78	   -0.35	   -6.76	    0.46	  414.55	 1011.64	   16.54	   1.217	   971.5	   39.96	3.469E+5	   0.117
      34	  -0.004	   0.000	  0.2946	0.070008	 0.00429	-0.17533	0.070028	  0.2946	0.004293	-0.00099	-0.24897	 0.00088	0.070008	-0.004293	0.294574	-0.00169	-0.26036	 0.00088	   17.70	   -0.96	   68.09	   -0.53	   -9.06	    0.28	  414.56	 1011.65	   16.68	   1.216	   971.5	   39.97	3.467E+5	   0.117
      35	   4.000	   0.000	  0.6951	0.085496	 0.00661	-0.18255	0.036799	  0.6994	0.006613	-0.00192	-0.35740	-0.00010	0.085496	-0.006613	0.695130	-0.00300	-0.37131	 0.00003	   20.89	   -1.48	  158.84	   -0.94	  -13.30	    0.01	  414.57	 1011.64	   16.76	   1.216	   971.6	   39.98	3.466E+5	   0.117
      36	   8.000	   0.000	  1.0278	0.116931	-0.00089	-0.22443	-0.027256	  1.0341	-0.000885	-0.00348	-0.48296	-0.00106	0.116931	0.000885	1.027843	-0.00345	-0.50198	-0.00058	   27.83	    0.20	  233.71	   -1.09	  -18.30	   -0.18	  414.81	 1011.66	   16.78	   1.216	   972.1	   39.99	3.466E+5	   0.117
      37	  12.000	   0.000	  1.2138	0.177210	 0.00085	-0.36738	-0.079025	  1.2241	0.000846	-0.00318	-0.67341	-0.00199	0.177210	-0.000846	1.213800	-0.00368	-0.70224	-0.00135	   41.15	   -0.19	  274.53	   -1.16	  -25.65	   -0.43	  415.03	 1011.62	   16.78	   1.216	   972.6	   40.00	3.467E+5	   0.117
      38	  -1.996	   0.000	  0.0844	0.064627	 0.00336	-0.16441	0.067528	  0.0821	0.003364	-0.00061	-0.18494	 0.00144	0.064627	-0.003364	0.084418	-0.00120	-0.19546	 0.00142	   16.62	   -0.76	   20.19	   -0.38	   -6.58	    0.45	  414.88	 1011.65	   16.89	   1.215	   972.3	   40.00	3.465E+5	   0.117
      39	  -0.004	   0.000	  0.2919	0.067101	 0.00395	-0.17185	0.067121	  0.2919	0.003949	-0.00120	-0.24484	 0.00094	0.067101	-0.003949	0.291945	-0.00184	-0.25575	 0.00094	   17.03	   -0.89	   67.44	   -0.58	   -8.88	    0.30	  414.22	 1011.67	   16.97	   1.215	   970.7	   39.98	3.461E+5	   0.117
      40	   4.000	   0.000	  0.6953	0.082744	 0.00600	-0.18203	0.034040	  0.6994	0.005997	-0.00207	-0.35687	 0.00005	0.082744	-0.005997	0.695314	-0.00304	-0.37034	 0.00020	   20.33	   -1.35	  159.34	   -0.96	  -13.31	    0.06	  415.77	 1011.65	   16.99	   1.215	   974.4	   40.05	3.467E+5	   0.117
      41	   8.000	   0.000	  1.0312	0.114242	-0.00191	-0.22633	-0.030387	  1.0371	-0.001910	-0.00364	-0.48560	-0.00079	0.114242	0.001910	1.031214	-0.00341	-0.50419	-0.00028	   27.24	    0.43	  234.61	   -1.07	  -18.39	   -0.09	  415.06	 1011.66	   16.97	   1.215	   972.7	   40.02	3.464E+5	   0.117
      42	  12.000	   0.000	  1.2229	0.172436	 0.00056	-0.38095	-0.085577	  1.2320	0.000560	-0.00319	-0.68894	-0.00173	0.172436	-0.000560	1.222854	-0.00359	-0.71700	-0.00109	   39.98	   -0.13	  275.86	   -1.13	  -26.13	   -0.34	  413.98	 1011.67	   16.96	   1.215	   970.2	   39.96	3.460E+5	   0.117
      43	  -1.996	   0.000	  0.0804	0.049444	 0.00309	-0.17028	0.052215	  0.0787	0.003093	-0.00141	-0.18994	 0.00147	0.049444	-0.003093	0.080423	-0.00197	-0.19798	 0.00142	   13.23	   -0.70	   19.31	   -0.62	   -6.69	    0.45	  415.33	 1011.68	   17.01	   1.215	   973.4	   40.03	3.465E+5	   0.117
      44	  -0.004	   0.000	  0.2910	0.052261	 0.00371	-0.18049	0.052281	  0.2910	0.003715	-0.00182	-0.25324	 0.00095	0.052261	-0.003715	0.291001	-0.00242	-0.26174	 0.00095	   13.72	   -0.83	   67.34	   -0.76	   -9.12	    0.30	  414.90	 1011.68	   17.09	   1.214	   972.3	   40.02	3.462E+5	   0.117
      45	   4.000	   0.000	  0.6993	0.068037	 0.00668	-0.19363	0.019093	  0.7023	0.006677	-0.00257	-0.36921	-0.00017	0.068037	-0.006677	0.699277	-0.00366	-0.38028	 0.00001	   16.97	   -1.50	  159.76	   -1.15	  -13.64	    0.00	  414.55	 1011.68	   17.10	   1.214	   971.5	   40.00	3.460E+5	   0.117
      46	   8.000	   0.000	  1.0421	0.096978	 0.00195	-0.24423	-0.049000	  1.0455	0.001955	-0.00361	-0.50560	-0.00179	0.096978	-0.001955	1.042116	-0.00414	-0.52138	-0.00130	   23.27	   -0.44	  236.08	   -1.30	  -18.95	   -0.41	  413.36	 1011.70	   17.10	   1.214	   968.7	   39.94	3.455E+5	   0.117
      47	  12.000	   0.000	  1.2440	0.151850	 0.00174	-0.42081	-0.110116	  1.2484	0.001741	-0.00395	-0.73291	-0.00218	0.151850	-0.001741	1.244033	-0.00462	-0.75762	-0.00139	   35.43	   -0.39	  281.11	   -1.45	  -27.68	   -0.44	  414.71	 1011.67	   17.06	   1.214	   971.9	   40.01	3.462E+5	   0.117
      48	  -1.996	   0.000	  0.0862	0.002177	 0.00802	-0.21183	0.005177	  0.0860	0.008020	-0.00254	-0.23334	-0.00028	0.002177	-0.008020	0.086174	-0.00384	-0.23370	-0.00037	    2.60	   -1.80	   20.60	   -1.21	   -8.01	   -0.12	  415.22	 1011.70	   17.14	   1.214	   973.1	   40.04	3.463E+5	   0.117
      49	  -0.004	   0.000	  0.3001	0.004682	 0.00706	-0.22678	0.004703	  0.3001	0.007063	-0.00327	-0.30180	-0.00020	0.004682	-0.007063	0.300061	-0.00442	-0.30256	-0.00020	    3.04	   -1.59	   69.32	   -1.39	  -10.62	   -0.06	  414.57	 1011.68	   17.21	   1.214	   971.6	   40.01	3.459E+5	   0.117
      50	   4.000	   0.000	  0.7141	0.021025	 0.00535	-0.24651	-0.028838	  0.7138	0.005347	-0.00451	-0.42497	-0.00006	0.021025	-0.005347	0.714095	-0.00538	-0.42839	 0.00026	    6.42	   -1.20	  163.09	   -1.69	  -15.42	    0.08	  414.56	 1011.71	   17.24	   1.214	   971.5	   40.01	3.458E+5	   0.117
      51	   8.000	   0.000	  1.0617	0.051977	-0.00045	-0.29910	-0.096290	  1.0586	-0.000451	-0.00547	-0.56376	-0.00141	0.051977	0.000451	1.061703	-0.00554	-0.57221	-0.00066	   13.22	    0.10	  240.90	   -1.74	  -20.86	   -0.21	  414.10	 1011.69	   17.19	   1.214	   970.5	   39.99	3.457E+5	   0.117
      52	  12.000	   0.000	  1.2778	0.113254	-0.00524	-0.48909	-0.154883	  1.2734	-0.005239	-0.00683	-0.80744	-0.00078	0.113254	0.005239	1.277770	-0.00599	-0.82587	 0.00066	   26.75	    1.18	  288.60	   -1.88	  -30.20	    0.21	  414.59	 1011.67	   17.16	   1.214	   971.6	   40.01	3.460E+5	   0.117
      53	  -1.996	   0.000	  0.0913	0.016727	 0.01108	-0.22859	0.019895	  0.0906	0.011076	-0.00321	-0.25125	-0.00042	0.016727	-0.011076	0.091266	-0.00500	-0.25397	-0.00053	    1.47	   -0.62	    5.44	   -0.39	   -2.19	   -0.04	  104.33	 1011.71	   16.83	   1.215	   243.4	   20.01	1.734E+5	   0.059
      54	  -0.004	   0.000	  0.2978	0.019707	 0.00871	-0.23443	0.019727	  0.2978	0.008705	-0.00387	-0.30888	-0.00041	0.019707	-0.008705	0.297819	-0.00529	-0.31209	-0.00041	    1.60	   -0.49	   17.21	   -0.42	   -2.74	   -0.03	  104.16	 1011.68	   16.80	   1.216	   243.0	   20.00	1.733E+5	   0.059
      55	   4.000	   0.000	  0.7094	0.038378	 0.00268	-0.23628	-0.011201	  0.7104	0.002680	-0.00528	-0.41387	-0.00040	0.038378	-0.002680	0.709404	-0.00573	-0.42011	-0.00003	    2.59	   -0.15	   40.74	   -0.45	   -3.80	   -0.00	  104.72	 1011.70	   16.76	   1.216	   244.3	   20.05	1.738E+5	   0.059
      56	   8.000	   0.000	  1.0562	0.068876	 0.00064	-0.31143	-0.078794	  1.0555	0.000635	-0.00629	-0.57532	-0.00036	0.068876	-0.000635	1.056231	-0.00638	-0.58652	 0.00052	    4.25	   -0.04	   59.95	   -0.50	   -5.35	    0.04	  104.06	 1011.69	   16.68	   1.216	   242.8	   19.98	1.733E+5	   0.059
      57	  12.000	   0.000	  1.2986	0.131546	 0.00259	-0.46010	-0.141333	  1.2976	0.002586	-0.00505	-0.78451	-0.00096	0.131546	-0.002586	1.298646	-0.00556	-0.80591	 0.00009	    7.72	   -0.15	   73.33	   -0.44	   -7.37	    0.01	  104.14	 1011.68	   16.63	   1.216	   242.9	   19.99	1.734E+5	   0.059
      58	  -1.979	   0.000	  0.0914	0.071141	 0.00736	-0.19000	0.074255	  0.0889	0.007357	-0.00134	-0.21221	 0.00100	0.071141	-0.007357	0.091386	-0.00257	-0.22379	 0.00096	    4.53	   -0.41	    5.45	   -0.20	   -1.91	    0.08	  104.40	 1011.66	   16.58	   1.216	   243.5	   20.01	1.737E+5	   0.059
      59	  -0.004	   0.000	  0.2925	0.073909	 0.00714	-0.18695	0.073929	  0.2925	0.007143	-0.00163	-0.26008	 0.00030	0.073909	-0.007143	0.292522	-0.00279	-0.27210	 0.00030	    4.65	   -0.40	   16.93	   -0.22	   -2.38	    0.02	  104.23	 1011.66	   16.58	   1.216	   243.2	   20.00	1.735E+5	   0.059
      60	   4.000	   0.000	  0.6947	0.091577	 0.00426	-0.18302	0.042896	  0.6994	0.004259	-0.00299	-0.35787	-0.00072	0.091577	-0.004259	0.694675	-0.00372	-0.37277	-0.00052	    5.59	   -0.24	   39.90	   -0.29	   -3.36	   -0.04	  104.67	 1011.67	   16.58	   1.216	   244.2	   20.04	1.739E+5	   0.059
      61	   8.000	   0.000	  1.0256	0.122514	 0.00168	-0.24278	-0.021416	  1.0327	0.001682	-0.00448	-0.50095	-0.00044	0.122514	-0.001682	1.025601	-0.00477	-0.52088	 0.00019	    7.32	   -0.10	   58.73	   -0.38	   -4.78	    0.01	  104.95	 1011.66	   16.55	   1.217	   244.8	   20.06	1.741E+5	   0.059
      62	  12.000	   0.000	  1.2500	0.185160	 0.00728	-0.35751	-0.078769	  1.2611	0.007283	-0.00178	-0.67280	-0.00202	0.185160	-0.007283	1.249962	-0.00336	-0.70292	-0.00169	   10.76	   -0.41	   70.86	   -0.27	   -6.44	   -0.13	  104.52	 1011.66	   16.49	   1.217	   243.8	   20.02	1.738E+5	   0.059
      63	   8.004	   0.000	  1.0431	0.097804	 0.00245	-0.24540	-0.048385	  1.0465	0.002453	-0.00369	-0.50703	-0.00193	0.097804	-0.002453	1.043057	-0.00433	-0.52294	-0.00143	   23.57	   -0.55	  237.44	   -1.36	  -19.10	   -0.45	  415.35	 1011.63	   16.71	   1.216	   973.4	   40.02	3.470E+5	   0.117
